Id,Category
1,3
3,1
6,1
10,3
12,1
13,142
14,1
16,1
17,1
19,1
22,1
24,1
25,3
26,45
27,45
28,1
29,1
33,1
34,1
38,1
39,3
44,3
45,1
47,2
48,3
50,3
52,3
54,1
57,1
59,1
61,1
63,2
65,2
68,2
70,2
71,59
76,2
79,2
82,45
83,2
85,2
87,45
88,110
90,66
91,2
92,2
93,2
94,66
95,3
98,59
100,66
101,1
103,3
106,84
107,2
108,2
112,66
114,1
118,66
119,59
126,2
129,2
130,3
132,3
133,3
134,45
135,3
139,2
144,3
146,2
147,7
149,1
150,3
154,65
155,3
156,3
157,3
161,3
162,3
163,3
165,3
167,3
169,3
170,45
171,106
173,3
175,3
178,3
179,4
180,4
183,39
185,4
186,4
190,4
191,32
192,4
193,4
198,4
199,4
200,4
201,4
205,4
207,40
208,4
210,10
211,4
212,4
214,4
217,4
219,105
223,107
226,4
229,4
231,4
233,4
234,4
236,23
237,4
239,5
240,5
244,151
246,5
251,5
252,5
255,5
259,5
260,5
265,5
271,8
277,5
279,5
282,5
286,6
292,6
298,6
300,6
304,6
308,6
309,6
311,5
312,6
314,6
315,6
325,7
329,7
330,7
337,7
340,7
343,7
344,7
346,7
348,7
350,7
351,7
352,7
354,8
356,7
357,7
360,7
363,7
365,7
369,7
370,7
371,7
372,7
373,7
381,8
382,8
383,8
384,61
386,8
387,7
389,8
391,25
394,8
405,8
407,8
408,8
410,147
412,5
419,8
420,8
422,8
424,8
425,7
430,11
434,29
435,9
438,27
439,30
440,11
442,134
443,26
445,27
447,9
448,49
449,9
450,21
451,26
453,9
454,49
455,30
457,26
458,27
459,187
462,26
463,58
468,97
472,29
473,9
475,9
480,9
483,30
487,10
488,9
492,10
493,10
494,10
498,29
499,10
501,10
503,10
506,10
508,97
509,4
510,49
512,10
513,10
514,122
516,10
517,10
519,9
521,10
522,10
525,49
526,10
528,10
532,10
534,10
536,10
538,10
540,10
543,29
546,29
548,11
550,9
551,64
553,9
556,9
558,11
560,32
563,9
565,29
567,11
569,91
571,3
572,11
573,11
578,11
579,27
580,9
582,27
583,4
584,11
585,49
586,69
589,11
590,134
592,39
594,26
597,11
602,115
603,107
604,12
608,12
609,188
610,47
615,12
616,55
618,55
622,12
623,12
624,17
627,42
632,17
634,12
637,12
638,12
640,12
643,42
644,12
646,55
649,12
650,12
651,12
654,12
656,161
658,12
659,140
661,13
664,74
665,13
673,13
674,13
675,118
676,4
679,13
681,112
683,13
684,13
686,13
687,13
688,13
689,13
692,170
695,13
696,137
697,13
698,116
700,13
703,13
704,13
705,13
707,13
708,13
709,13
711,13
714,13
718,27
721,14
723,14
724,14
726,14
728,14
731,14
737,15
738,54
739,54
742,54
743,54
745,14
749,14
750,54
752,14
753,14
757,14
759,14
761,14
763,15
764,54
765,14
766,14
767,14
771,14
772,15
773,14
774,14
777,54
779,54
783,14
785,15
786,15
787,116
795,15
796,15
797,15
799,15
800,15
802,15
803,15
804,15
805,15
808,15
809,15
811,15
815,54
817,15
820,15
821,15
824,15
825,15
826,15
827,15
830,15
831,15
832,15
837,15
838,16
839,16
840,16
842,16
844,16
846,16
847,16
848,16
849,97
850,16
851,16
852,16
854,16
858,16
866,16
868,16
869,16
876,16
878,16
880,161
882,182
883,16
885,26
886,16
887,16
890,16
892,122
893,16
896,17
897,17
899,140
901,17
903,180
904,17
905,17
908,17
909,17
911,17
913,17
914,17
915,76
919,17
921,76
924,97
930,17
932,17
933,148
936,17
938,17
940,17
942,140
944,17
945,17
948,17
949,17
953,18
958,18
961,18
962,18
968,18
969,18
971,18
973,18
976,170
977,18
978,18
983,18
993,18
996,18
997,18
998,19
999,19
1001,19
1003,74
1005,19
1006,19
1009,19
1011,9
1012,179
1013,54
1014,19
1016,27
1018,154
1021,19
1025,19
1028,155
1030,172
1031,91
1033,76
1035,19
1036,19
1038,172
1041,178
1043,115
1044,19
1046,27
1047,193
1050,19
1054,19
1057,20
1061,32
1062,151
1063,47
1064,20
1066,20
1068,17
1070,32
1071,20
1072,20
1075,168
1076,20
1077,20
1081,20
1082,31
1084,124
1086,20
1089,20
1090,20
1092,20
1095,20
1096,12
1097,20
1099,20
1102,20
1104,20
1105,20
1108,17
1109,20
1116,21
1117,21
1118,21
1119,21
1127,21
1128,57
1131,57
1132,76
1133,21
1136,148
1137,57
1138,69
1142,21
1143,21
1144,21
1148,57
1150,57
1153,57
1154,21
1158,21
1159,21
1160,21
1161,21
1162,21
1164,21
1168,21
1169,126
1170,97
1172,120
1174,21
1176,11
1177,22
1178,187
1179,92
1180,105
1182,22
1183,22
1190,92
1192,105
1193,105
1195,22
1199,105
1200,22
1206,105
1209,22
1211,105
1212,187
1215,22
1216,187
1217,105
1218,22
1220,105
1223,105
1225,22
1226,22
1230,105
1234,23
1235,24
1237,90
1240,23
1243,23
1244,23
1247,23
1249,23
1254,24
1255,58
1257,23
1258,23
1261,23
1262,5
1264,23
1265,23
1266,23
1267,24
1268,29
1269,23
1271,23
1272,23
1273,23
1275,25
1281,23
1283,25
1284,44
1285,23
1289,58
1292,44
1293,188
1295,24
1297,24
1301,75
1304,24
1305,24
1306,24
1313,24
1315,24
1316,24
1317,24
1319,24
1321,24
1323,24
1325,24
1330,24
1333,24
1335,24
1339,24
1341,24
1342,24
1345,7
1347,90
1348,23
1350,23
1351,25
1352,24
1356,137
1359,24
1364,25
1367,187
1371,5
1372,23
1373,25
1376,1
1379,23
1382,24
1385,23
1386,23
1387,25
1388,25
1390,25
1391,23
1392,25
1393,23
1394,25
1395,90
1396,23
1397,24
1399,24
1400,25
1409,29
1410,9
1411,29
1412,26
1413,26
1416,27
1419,26
1421,26
1422,26
1423,26
1424,29
1425,26
1427,27
1430,26
1431,9
1432,34
1433,9
1434,27
1435,26
1437,9
1442,26
1443,26
1446,27
1448,26
1449,29
1450,27
1451,98
1454,29
1457,27
1462,27
1463,26
1467,9
1471,29
1473,9
1477,29
1478,30
1479,26
1480,49
1481,27
1482,49
1483,27
1485,49
1487,27
1490,40
1492,26
1494,122
1495,26
1496,9
1497,29
1498,27
1502,26
1503,11
1506,29
1507,9
1513,104
1517,4
1518,13
1520,49
1521,49
1522,26
1524,28
1525,28
1526,187
1529,159
1531,28
1534,198
1536,187
1538,28
1539,28
1542,28
1545,28
1546,28
1550,28
1551,28
1553,28
1555,28
1556,28
1558,28
1559,28
1560,28
1561,28
1563,28
1566,28
1568,28
1570,28
1575,40
1576,28
1577,28
1580,28
1583,26
1593,107
1594,29
1596,29
1597,107
1600,27
1602,29
1605,29
1606,27
1607,29
1609,107
1610,26
1611,107
1612,107
1613,27
1614,27
1615,29
1616,27
1618,107
1625,27
1626,29
1627,29
1628,29
1629,29
1630,29
1631,29
1633,107
1634,30
1636,29
1640,107
1643,107
1644,30
1646,72
1648,49
1649,27
1651,107
1652,29
1655,108
1656,4
1659,26
1660,29
1661,30
1662,49
1664,30
1665,29
1666,108
1667,27
1673,107
1678,107
1679,107
1682,4
1683,27
1692,30
1693,136
1694,23
1695,107
1696,27
1697,108
1698,74
1700,108
1702,33
1705,31
1708,31
1710,31
1712,32
1713,45
1715,33
1718,31
1719,31
1722,32
1723,32
1725,31
1728,31
1729,161
1730,178
1733,31
1736,31
1737,31
1738,31
1739,31
1743,31
1745,78
1746,31
1748,31
1750,31
1753,31
1755,31
1756,178
1760,181
1761,31
1768,32
1771,32
1776,3
1777,188
1780,32
1782,41
1783,23
1784,32
1785,31
1786,57
1788,156
1791,20
1793,32
1796,179
1797,20
1798,32
1799,32
1800,33
1804,112
1805,49
1807,33
1811,32
1814,44
1816,32
1819,33
1822,111
1826,31
1828,33
1829,32
1832,33
1836,33
1838,156
1840,33
1843,33
1844,32
1845,32
1846,33
1847,32
1848,31
1851,32
1853,32
1856,161
1857,33
1859,33
1861,32
1862,31
1865,142
1866,31
1867,186
1869,32
1871,33
1873,33
1874,34
1876,34
1882,93
1884,40
1885,56
1887,34
1888,34
1890,118
1891,34
1893,34
1894,34
1896,34
1900,34
1901,40
1902,34
1906,34
1908,34
1909,34
1910,34
1913,56
1915,34
1916,34
1917,34
1919,34
1924,137
1925,122
1926,34
1927,34
1931,148
1935,95
1937,35
1939,35
1940,127
1942,35
1943,126
1944,35
1946,35
1947,35
1948,35
1950,35
1956,42
1958,35
1959,35
1960,35
1962,35
1964,35
1965,35
1966,35
1967,35
1968,35
1969,35
1976,35
1980,137
1983,43
1984,35
1985,35
1986,35
1987,35
1989,35
1993,36
1995,36
1996,36
1997,36
1999,189
2000,36
2004,36
2005,36
2006,36
2008,36
2010,36
2014,36
2015,36
2016,187
2020,36
2021,36
2024,36
2027,36
2029,36
2030,36
2031,36
2032,36
2035,36
2037,36
2039,36
2040,88
2043,36
2048,36
2049,36
2051,36
2057,117
2059,37
2060,43
2062,43
2063,37
2064,155
2067,37
2070,37
2072,37
2073,39
2074,37
2075,158
2076,39
2077,151
2081,39
2084,152
2086,102
2091,117
2092,39
2093,37
2096,152
2098,39
2100,43
2101,78
2104,103
2107,43
2108,102
2109,43
2111,174
2112,152
2119,38
2120,38
2123,38
2126,155
2127,77
2128,38
2129,154
2131,157
2132,38
2134,40
2135,77
2139,103
2141,39
2142,38
2143,155
2145,40
2146,31
2148,38
2150,158
2153,77
2156,38
2158,170
2160,103
2162,37
2163,60
2164,77
2168,77
2170,158
2171,39
2179,39
2180,31
2183,91
2184,37
2186,102
2188,115
2189,103
2190,133
2193,39
2194,37
2195,102
2200,102
2201,37
2203,37
2204,39
2206,152
2207,74
2209,19
2211,116
2212,137
2213,40
2216,37
2218,103
2219,37
2222,43
2223,103
2226,109
2229,91
2230,178
2231,68
2234,103
2236,40
2239,80
2242,131
2244,102
2249,76
2250,135
2252,68
2256,114
2257,97
2258,178
2260,135
2264,102
2265,40
2268,40
2269,40
2273,40
2274,102
2276,102
2278,40
2280,102
2281,154
2282,131
2283,112
2284,40
2285,135
2287,40
2288,102
2290,23
2292,112
2293,102
2294,41
2295,41
2297,41
2298,77
2300,41
2302,41
2303,41
2305,41
2306,41
2307,41
2308,41
2310,41
2312,41
2315,41
2316,41
2318,71
2319,41
2321,77
2322,20
2327,41
2328,144
2329,41
2330,64
2331,41
2336,41
2338,78
2341,41
2348,41
2351,42
2355,42
2357,42
2358,42
2360,42
2361,42
2362,42
2363,42
2365,42
2366,42
2367,186
2368,139
2370,42
2371,42
2374,42
2376,17
2377,96
2379,42
2380,17
2381,42
2382,42
2389,139
2390,42
2393,42
2394,42
2399,42
2400,42
2404,42
2409,174
2410,42
2411,167
2412,157
2413,43
2415,43
2418,43
2421,39
2423,117
2427,158
2430,39
2431,173
2434,43
2435,39
2436,175
2437,181
2438,31
2442,37
2444,39
2445,39
2450,43
2452,39
2453,39
2454,77
2456,173
2457,37
2459,156
2463,43
2464,43
2466,43
2468,161
2470,23
2472,25
2473,187
2474,44
2475,72
2476,44
2481,23
2482,23
2483,44
2485,44
2488,44
2489,44
2491,44
2492,44
2493,44
2494,7
2495,71
2496,44
2497,24
2498,44
2499,44
2500,44
2503,71
2505,44
2507,44
2508,44
2511,36
2514,44
2520,44
2525,44
2531,45
2532,45
2538,2
2540,64
2541,45
2547,45
2548,45
2549,143
2551,45
2552,45
2553,1
2556,3
2557,45
2559,66
2561,72
2569,45
2570,45
2571,45
2572,66
2574,2
2575,45
2577,45
2578,45
2579,45
2580,71
2581,45
2582,63
2583,45
2588,45
2589,63
2590,46
2592,46
2594,58
2596,64
2599,46
2600,142
2603,46
2604,46
2606,46
2607,46
2609,46
2610,46
2611,46
2613,46
2614,46
2617,86
2618,46
2619,46
2622,46
2624,46
2627,46
2628,46
2630,46
2631,46
2632,46
2633,46
2636,46
2640,46
2648,46
2649,46
2650,55
2652,47
2653,47
2655,47
2657,47
2658,47
2660,47
2662,47
2669,182
2670,96
2671,47
2673,168
2674,47
2675,96
2676,47
2677,47
2678,47
2680,163
2681,47
2685,47
2689,47
2691,47
2693,47
2694,47
2695,20
2696,47
2703,47
2705,47
2707,55
2709,182
2710,48
2711,48
2712,48
2713,48
2715,48
2716,48
2717,48
2725,48
2727,48
2730,48
2731,48
2733,48
2735,166
2736,48
2737,48
2738,38
2740,118
2744,48
2746,48
2751,48
2752,48
2753,48
2760,166
2761,55
2763,109
2764,48
2765,185
2766,48
2767,48
2769,55
2770,49
2773,9
2774,19
2776,29
2778,49
2780,19
2782,136
2783,49
2784,74
2785,49
2789,184
2790,74
2792,9
2796,97
2799,31
2801,74
2802,19
2803,30
2804,49
2805,10
2806,9
2807,74
2810,29
2812,26
2813,82
2818,34
2822,49
2824,49
2826,29
2829,49
2830,50
2831,86
2834,50
2835,50
2836,50
2837,52
2839,90
2845,50
2846,50
2847,50
2848,90
2851,50
2852,50
2853,52
2858,53
2862,52
2863,53
2866,52
2867,90
2868,50
2869,50
2873,50
2874,50
2875,50
2878,50
2879,50
2880,90
2883,50
2885,50
2887,53
2892,89
2893,50
2897,90
2898,51
2900,51
2901,51
2902,50
2904,51
2906,50
2908,51
2909,51
2913,51
2915,8
2917,53
2918,50
2919,8
2920,51
2921,51
2923,51
2924,51
2926,51
2929,50
2934,51
2935,51
2936,51
2938,51
2940,90
2941,51
2942,8
2949,50
2951,52
2952,52
2957,52
2959,50
2960,52
2961,52
2963,50
2965,90
2967,52
2968,52
2971,52
2974,52
2975,52
2977,52
2979,52
2981,52
2982,52
2983,50
2984,52
2988,52
2991,52
2992,52
2993,52
2995,52
2997,52
3001,46
3004,52
3005,52
3006,52
3007,52
3011,53
3012,53
3013,53
3015,53
3018,53
3019,53
3021,53
3022,53
3025,53
3029,53
3032,53
3034,53
3037,53
3039,53
3045,53
3050,53
3051,53
3053,53
3055,53
3056,53
3057,53
3058,86
3059,53
3060,53
3061,53
3062,53
3063,53
3064,53
3066,53
3067,53
3071,14
3072,54
3074,54
3075,54
3076,54
3078,54
3080,54
3081,54
3083,54
3084,14
3087,15
3090,74
3091,54
3097,54
3098,54
3099,54
3100,16
3101,54
3105,54
3107,54
3108,54
3110,54
3111,54
3112,54
3116,54
3118,15
3124,54
3127,54
3128,54
3129,54
3130,55
3131,55
3133,96
3135,55
3136,55
3137,47
3138,55
3140,47
3144,55
3146,55
3148,55
3150,55
3151,55
3153,55
3154,55
3155,55
3156,55
3162,55
3166,55
3168,55
3169,96
3170,55
3171,55
3172,48
3176,55
3179,55
3182,55
3184,55
3185,47
3186,55
3190,35
3191,190
3192,35
3193,35
3195,91
3198,56
3201,34
3204,56
3206,76
3211,17
3216,35
3218,56
3219,35
3220,116
3222,148
3223,111
3225,35
3226,56
3227,54
3228,56
3230,105
3231,56
3233,56
3239,56
3242,35
3243,148
3244,56
3246,56
3247,56
3249,56
3251,57
3252,57
3253,57
3254,57
3257,57
3258,57
3259,57
3261,130
3264,57
3267,57
3269,137
3273,57
3276,57
3280,57
3282,57
3284,57
3285,57
3287,57
3290,57
3291,184
3292,57
3294,57
3295,21
3296,57
3298,57
3299,161
3301,21
3302,57
3305,57
3307,57
3312,58
3313,58
3315,5
3317,45
3318,23
3319,89
3321,1
3322,93
3323,90
3326,30
3327,58
3328,58
3329,106
3330,58
3331,8
3342,58
3344,58
3350,90
3351,58
3353,89
3354,3
3356,58
3357,58
3358,58
3359,7
3361,65
3364,89
3367,89
3368,62
3370,66
3372,60
3376,59
3377,66
3378,61
3379,59
3383,62
3384,62
3386,60
3390,60
3391,66
3393,60
3399,60
3400,66
3403,66
3404,59
3406,60
3408,61
3409,66
3410,66
3411,66
3413,141
3414,66
3416,93
3417,64
3418,66
3419,60
3420,45
3421,60
3428,60
3432,144
3433,144
3434,45
3436,60
3442,60
3444,62
3445,84
3446,60
3448,60
3449,60
3450,59
3452,60
3453,60
3454,59
3455,60
3457,66
3461,60
3465,66
3469,60
3470,60
3472,60
3474,66
3475,60
3477,66
3478,66
3480,66
3483,60
3485,62
3487,61
3489,59
3490,66
3491,64
3492,61
3494,66
3495,142
3496,61
3499,66
3500,65
3505,108
3511,61
3513,61
3514,61
3515,61
3519,58
3521,61
3522,146
3525,61
3526,145
3527,61
3528,66
3529,61
3530,61
3531,143
3536,66
3537,61
3538,61
3541,61
3543,61
3547,66
3548,63
3549,66
3550,62
3552,63
3554,60
3556,60
3557,65
3562,60
3566,64
3568,63
3570,64
3573,60
3576,66
3577,59
3579,101
3580,143
3581,177
3582,63
3584,45
3585,65
3592,64
3593,66
3594,64
3596,143
3598,66
3600,61
3601,65
3603,65
3604,60
3607,63
3613,147
3615,63
3619,63
3622,3
3623,60
3624,63
3626,63
3627,63
3631,63
3632,63
3633,63
3636,63
3638,63
3639,63
3641,63
3642,63
3643,63
3644,63
3646,63
3648,63
3649,63
3651,63
3652,63
3654,45
3656,63
3659,63
3662,63
3664,63
3666,63
3667,60
3668,145
3669,60
3673,145
3677,63
3679,60
3680,60
3682,61
3683,60
3684,62
3685,64
3686,60
3688,66
3691,60
3696,66
3698,60
3699,65
3704,194
3705,64
3707,147
3708,64
3711,145
3713,141
3714,60
3716,64
3717,60
3719,64
3722,66
3723,101
3726,60
3727,66
3729,65
3732,142
3733,65
3735,65
3742,65
3744,135
3745,65
3749,71
3750,65
3751,66
3753,65
3755,60
3758,65
3760,65
3763,65
3766,65
3767,62
3768,66
3771,65
3777,66
3778,66
3779,66
3782,66
3788,66
3789,101
3791,65
3793,62
3796,66
3797,66
3798,66
3800,60
3804,66
3806,66
3808,66
3809,84
3813,59
3814,66
3820,59
3821,66
3823,59
3825,66
3826,66
3827,62
3828,66
3829,60
3830,66
3831,64
3834,66
3836,59
3837,40
3838,67
3840,68
3842,69
3844,68
3846,67
3847,67
3851,56
3852,67
3855,67
3856,68
3857,68
3859,67
3863,69
3870,67
3871,68
3875,67
3876,193
3877,67
3878,68
3879,69
3880,68
3881,67
3882,42
3883,40
3884,69
3885,67
3886,68
3895,143
3896,67
3898,68
3899,69
3900,68
3903,68
3907,68
3908,68
3909,70
3911,68
3914,68
3917,68
3918,69
3921,68
3923,69
3924,69
3925,68
3926,147
3927,68
3929,68
3934,68
3935,111
3937,68
3938,191
3939,68
3940,69
3943,68
3944,68
3945,68
3947,67
3951,68
3953,161
3958,69
3960,69
3963,69
3965,67
3968,68
3971,68
3973,69
3974,56
3976,68
3977,69
3978,68
3980,69
3982,67
3983,69
3985,67
3986,181
3987,69
3989,68
3991,69
3992,70
3993,109
3994,69
3999,69
4001,69
4002,68
4004,69
4009,70
4010,69
4013,68
4014,69
4020,70
4021,70
4025,177
4026,70
4033,70
4034,70
4036,70
4037,70
4038,70
4040,70
4042,70
4043,70
4045,70
4046,199
4047,70
4048,70
4050,67
4051,70
4052,70
4053,70
4054,70
4056,70
4058,70
4059,68
4062,70
4063,70
4064,70
4065,173
4070,70
4073,70
4077,71
4080,71
4081,72
4083,71
4084,71
4085,64
4086,100
4087,65
4088,92
4089,72
4094,71
4098,71
4099,142
4101,72
4102,143
4104,65
4106,71
4108,72
4109,71
4110,25
4115,23
4118,46
4119,145
4120,71
4121,71
4123,3
4125,92
4128,71
4132,135
4135,61
4138,65
4139,72
4140,6
4141,137
4144,2
4145,3
4148,65
4150,23
4151,65
4152,65
4153,1
4161,23
4163,92
4168,72
4169,100
4172,72
4175,72
4176,71
4177,184
4179,145
4180,188
4181,71
4182,71
4185,1
4186,1
4187,72
4189,142
4192,3
4195,72
4196,71
4198,160
4200,73
4202,73
4204,73
4205,32
4206,74
4207,138
4210,73
4212,41
4213,116
4215,73
4217,73
4220,73
4222,73
4224,73
4225,73
4226,73
4227,73
4228,73
4231,15
4235,73
4237,73
4245,73
4246,73
4247,73
4249,73
4250,74
4252,73
4253,73
4255,164
4258,74
4261,74
4262,74
4264,77
4265,74
4270,74
4274,74
4277,74
4280,74
4281,74
4284,74
4285,74
4287,74
4288,74
4292,74
4293,74
4294,74
4295,74
4298,74
4300,74
4304,14
4305,32
4307,74
4308,74
4310,74
4311,74
4312,74
4313,74
4314,74
4315,74
4317,75
4318,75
4319,75
4322,75
4323,75
4327,75
4330,75
4333,75
4335,148
4336,75
4337,75
4338,75
4339,75
4340,75
4344,75
4351,75
4353,75
4357,168
4359,75
4364,75
4365,75
4366,75
4367,75
4368,75
4371,87
4372,75
4373,75
4375,76
4376,76
4377,76
4378,178
4379,76
4381,103
4382,41
4384,76
4386,76
4388,76
4389,187
4393,76
4395,76
4396,114
4397,76
4399,76
4400,76
4402,76
4403,76
4404,76
4408,34
4409,76
4411,130
4413,137
4418,160
4419,76
4421,76
4425,76
4430,76
4431,76
4436,77
4438,77
4441,77
4442,179
4444,77
4446,77
4447,77
4451,77
4455,77
4457,77
4460,38
4461,77
4462,77
4463,77
4464,77
4466,77
4467,156
4468,77
4469,77
4470,77
4472,77
4474,77
4479,77
4480,77
4481,17
4486,77
4487,77
4488,74
4492,77
4493,85
4496,78
4497,78
4499,78
4500,135
4501,103
4502,78
4503,78
4504,78
4505,78
4506,135
4507,164
4512,77
4514,78
4515,91
4516,78
4517,78
4522,91
4525,78
4527,78
4532,40
4533,78
4535,138
4536,78
4537,78
4538,40
4543,151
4545,103
4547,78
4552,135
4555,79
4560,79
4566,79
4571,79
4576,79
4577,79
4579,80
4583,79
4584,79
4585,82
4586,79
4587,79
4588,79
4589,79
4591,79
4592,79
4593,79
4594,79
4595,79
4596,79
4597,79
4598,79
4600,79
4601,79
4602,79
4603,79
4605,79
4606,79
4610,79
4611,82
4613,80
4615,80
4618,80
4622,80
4623,80
4624,80
4626,80
4630,80
4633,80
4636,82
4637,80
4638,79
4640,80
4641,80
4642,80
4643,80
4644,80
4648,80
4649,82
4650,68
4651,80
4652,80
4662,80
4663,79
4664,80
4666,80
4667,81
4668,81
4670,82
4671,32
4673,81
4675,81
4676,81
4679,13
4681,81
4682,81
4684,81
4685,81
4687,81
4689,81
4690,81
4693,81
4696,81
4697,81
4698,81
4704,81
4705,81
4707,81
4709,81
4710,81
4711,81
4715,81
4720,81
4721,81
4722,189
4725,81
4728,192
4730,80
4731,81
4732,81
4733,13
4735,82
4736,79
4739,82
4740,82
4741,82
4742,32
4746,80
4750,83
4751,82
4752,80
4753,82
4754,79
4755,79
4758,82
4759,82
4761,82
4763,82
4766,80
4771,82
4773,56
4774,160
4775,82
4778,82
4781,82
4783,82
4785,80
4787,82
4789,82
4791,40
4793,83
4795,83
4796,83
4797,33
4798,83
4800,83
4802,83
4805,83
4808,83
4811,83
4815,83
4816,83
4817,83
4818,83
4819,83
4823,83
4824,24
4825,83
4827,83
4829,83
4830,83
4831,96
4832,97
4833,83
4834,83
4836,83
4837,83
4843,83
4846,14
4847,83
4854,101
4856,63
4862,84
4863,84
4864,84
4865,63
4866,84
4870,45
4872,84
4874,84
4875,45
4879,63
4883,84
4884,84
4885,63
4888,84
4889,45
4890,84
4891,79
4901,84
4902,84
4903,63
4905,84
4908,91
4909,85
4911,85
4913,147
4914,85
4915,85
4917,195
4918,85
4919,85
4921,74
4924,117
4925,85
4926,85
4927,85
4928,85
4931,85
4932,147
4934,85
4936,85
4939,85
4940,85
4942,85
4943,85
4944,85
4949,77
4958,85
4960,85
4962,118
4963,104
4965,85
4966,86
4967,86
4971,86
4973,8
4976,86
4978,75
4979,86
4980,86
4981,86
4982,86
4983,46
4984,46
4986,86
4987,86
4989,86
4990,86
4991,46
4995,86
4996,8
4998,86
4999,86
5002,86
5005,86
5009,86
5010,86
5012,101
5013,86
5015,86
5021,52
5025,86
5026,87
5027,87
5028,87
5029,147
5031,87
5034,87
5036,87
5041,87
5045,36
5046,46
5049,87
5051,87
5055,87
5056,46
5057,87
5059,87
5060,87
5061,87
5062,87
5066,87
5070,87
5071,192
5072,87
5074,87
5077,87
5078,87
5081,36
5082,122
5084,46
5085,87
5090,20
5094,88
5095,88
5097,88
5098,88
5100,88
5101,88
5102,88
5103,88
5104,88
5105,88
5106,88
5107,121
5108,88
5110,150
5113,88
5115,88
5118,88
5119,163
5120,88
5122,88
5124,88
5125,88
5132,88
5133,88
5134,88
5136,88
5137,88
5140,88
5141,88
5146,90
5150,89
5154,89
5156,89
5160,89
5161,90
5165,46
5166,89
5167,89
5169,89
5177,89
5178,89
5179,89
5182,89
5183,24
5186,89
5188,90
5189,90
5190,90
5191,86
5192,89
5193,90
5195,89
5197,89
5198,89
5199,65
5201,89
5202,89
5203,89
5205,89
5207,90
5209,72
5213,90
5214,90
5216,90
5218,90
5219,90
5220,90
5223,90
5224,90
5225,46
5226,50
5227,90
5228,90
5229,46
5232,72
5234,90
5238,90
5240,90
5243,90
5245,86
5247,90
5250,89
5253,90
5254,90
5257,90
5258,90
5259,90
5263,90
5265,90
5266,41
5272,78
5273,91
5274,31
5275,91
5276,44
5277,104
5282,91
5283,41
5284,78
5290,91
5291,91
5293,91
5296,78
5298,150
5299,130
5301,97
5306,91
5307,91
5309,41
5311,19
5312,91
5316,31
5317,91
5318,77
5319,91
5320,164
5321,91
5324,103
5325,39
5326,92
5328,92
5329,92
5330,92
5331,92
5332,92
5334,92
5335,22
5336,105
5337,92
5343,92
5344,92
5346,92
5347,92
5349,92
5352,92
5353,92
5361,92
5363,92
5364,92
5365,92
5369,92
5372,92
5373,92
5376,92
5377,92
5379,92
5380,92
5383,92
5384,92
5386,93
5387,93
5388,93
5389,93
5390,93
5391,93
5395,93
5399,93
5402,93
5403,19
5406,93
5407,114
5409,65
5410,93
5411,93
5412,93
5413,93
5421,65
5422,93
5423,58
5426,93
5427,93
5428,93
5431,41
5434,93
5435,93
5437,93
5438,93
5440,93
5445,93
5446,94
5447,94
5448,94
5449,94
5451,94
5453,21
5455,78
5456,160
5457,94
5464,94
5468,94
5470,94
5471,94
5474,94
5476,137
5478,94
5479,94
5480,94
5483,94
5485,94
5487,94
5488,94
5489,94
5491,94
5494,94
5496,94
5497,78
5499,94
5502,28
5505,94
5506,95
5508,175
5509,95
5510,98
5515,97
5519,95
5520,95
5521,95
5524,109
5525,95
5527,95
5529,95
5530,95
5531,95
5532,95
5533,47
5536,57
5537,95
5538,97
5539,96
5541,95
5542,139
5544,95
5546,175
5547,96
5548,96
5550,95
5551,95
5552,96
5555,175
5567,96
5568,47
5569,96
5570,96
5571,47
5572,95
5574,95
5575,47
5576,98
5578,175
5580,96
5585,47
5588,96
5589,173
5591,96
5597,96
5598,47
5602,96
5605,20
5608,96
5610,96
5613,96
5614,55
5615,96
5616,176
5617,96
5622,96
5623,47
5624,20
5625,95
5626,17
5627,57
5632,97
5633,55
5634,10
5638,97
5639,27
5640,97
5644,157
5645,195
5647,97
5649,97
5650,34
5652,97
5653,21
5654,120
5656,29
5659,97
5660,197
5664,95
5665,97
5667,157
5668,97
5669,97
5672,97
5677,24
5679,97
5682,17
5683,97
5685,96
5686,98
5687,98
5692,98
5693,98
5694,161
5697,167
5700,98
5703,98
5706,98
5707,97
5711,20
5712,98
5714,98
5715,157
5717,57
5719,96
5722,96
5725,20
5728,98
5730,98
5731,96
5734,163
5735,98
5736,96
5738,98
5739,98
5740,96
5741,98
5742,98
5746,125
5748,99
5749,179
5751,99
5752,99
5753,99
5755,99
5757,99
5759,99
5760,110
5763,183
5766,113
5767,99
5768,27
5769,99
5774,99
5775,99
5777,99
5784,99
5785,99
5786,99
5787,99
5788,99
5789,99
5791,121
5795,99
5797,99
5798,99
5799,149
5801,178
5805,100
5806,100
5807,100
5808,100
5809,62
5810,100
5813,100
5814,25
5815,100
5816,100
5817,100
5818,100
5820,100
5823,100
5829,101
5837,100
5838,100
5843,100
5846,100
5847,100
5848,100
5853,100
5854,100
5855,72
5856,100
5858,100
5859,100
5861,100
5862,23
5863,100
5865,101
5867,101
5868,101
5870,101
5871,101
5873,101
5877,101
5884,101
5885,101
5886,101
5889,101
5893,63
5897,101
5898,101
5901,101
5903,101
5905,101
5907,101
5909,101
5911,101
5915,102
5917,103
5918,37
5920,19
5921,137
5923,102
5924,103
5925,40
5926,103
5927,170
5928,118
5929,135
5933,38
5936,19
5938,102
5940,102
5941,40
5942,115
5944,102
5949,103
5952,37
5954,102
5955,39
5959,40
5965,102
5969,103
5971,37
5972,102
5973,27
5974,103
5975,76
5976,76
5978,118
5983,103
5984,103
5985,97
5986,103
5987,103
5989,103
5991,39
5993,103
5996,78
5998,118
5999,21
6001,103
6002,104
6005,103
6009,19
6010,103
6011,39
6012,103
6013,77
6014,103
6015,102
6016,78
6019,102
6029,76
6030,76
6032,103
6033,103
6036,121
6038,122
6045,115
6047,104
6048,104
6049,104
6050,150
6051,150
6054,27
6055,119
6056,104
6057,104
6062,104
6065,104
6067,104
6069,104
6071,104
6072,150
6073,104
6076,121
6077,115
6078,104
6084,104
6086,104
6087,104
6089,104
6090,104
6091,159
6092,104
6093,104
6098,105
6100,22
6101,22
6104,105
6105,22
6106,105
6107,22
6112,105
6113,22
6114,22
6115,105
6116,105
6119,22
6123,105
6125,105
6129,92
6136,22
6138,105
6141,22
6145,106
6147,55
6148,84
6150,106
6152,106
6153,89
6155,106
6157,188
6158,106
6159,106
6160,106
6161,106
6162,106
6163,145
6164,106
6165,145
6170,106
6173,101
6174,89
6176,90
6187,106
6192,106
6193,106
6195,45
6197,106
6198,106
6199,106
6200,147
6201,106
6202,106
6204,29
6205,30
6206,107
6207,25
6209,137
6210,107
6211,107
6212,187
6215,29
6217,107
6221,107
6222,107
6225,107
6226,29
6227,107
6229,107
6231,107
6232,25
6234,30
6236,29
6241,107
6244,107
6245,30
6252,107
6253,108
6254,27
6255,29
6259,107
6260,107
6262,107
6263,108
6266,137
6268,108
6269,27
6270,108
6272,108
6274,108
6276,108
6278,188
6279,108
6281,108
6282,108
6284,107
6286,108
6289,137
6293,108
6297,107
6298,71
6299,108
6300,107
6304,23
6307,29
6308,108
6310,30
6313,10
6314,108
6315,108
6317,25
6321,107
6322,26
6323,109
6324,39
6327,21
6329,20
6331,200
6332,109
6333,109
6334,109
6340,109
6341,109
6342,170
6343,157
6344,109
6346,97
6354,109
6355,136
6356,109
6359,109
6364,109
6367,109
6368,109
6369,57
6371,97
6374,57
6375,109
6376,10
6378,109
6379,109
6380,95
6382,109
6384,110
6385,110
6389,110
6396,120
6397,110
6398,110
6400,110
6401,110
6405,110
6406,110
6408,110
6409,110
6410,110
6412,110
6413,110
6415,110
6419,110
6420,110
6422,110
6424,110
6425,110
6426,110
6428,110
6430,110
6431,110
6432,110
6434,110
6437,110
6438,110
6442,129
6445,78
6449,135
6450,111
6451,112
6453,111
6454,111
6456,147
6459,112
6463,111
6466,132
6467,78
6468,188
6469,135
6472,112
6473,48
6474,111
6476,111
6482,160
6484,144
6485,111
6486,111
6487,111
6492,111
6493,111
6494,111
6495,112
6497,111
6498,78
6499,111
6501,111
6504,111
6505,112
6509,112
6511,111
6512,112
6516,111
6517,112
6519,138
6521,111
6522,118
6524,112
6525,111
6526,112
6527,94
6528,111
6530,112
6537,112
6541,112
6542,111
6545,111
6548,112
6549,111
6550,112
6551,111
6553,111
6554,112
6556,135
6557,111
6559,195
6561,111
6569,113
6571,113
6575,131
6576,113
6577,113
6578,113
6579,113
6581,123
6582,117
6583,113
6584,113
6589,113
6593,124
6594,113
6595,129
6596,113
6601,123
6602,131
6608,113
6609,131
6613,114
6615,114
6616,91
6618,91
6619,117
6620,114
6621,117
6624,111
6625,114
6626,114
6628,114
6630,114
6637,114
6640,33
6642,114
6643,151
6645,111
6646,114
6648,15
6650,114
6652,114
6653,118
6656,114
6657,94
6658,114
6660,135
6665,91
6670,137
6671,114
6672,114
6673,117
6677,40
6679,131
6684,115
6688,117
6689,115
6691,117
6692,115
6693,115
6695,115
6696,115
6701,117
6703,125
6704,150
6707,115
6708,127
6709,117
6711,117
6712,102
6713,123
6716,124
6717,150
6718,128
6719,103
6720,115
6722,115
6723,119
6724,93
6731,123
6733,130
6735,116
6737,130
6738,113
6740,114
6742,116
6744,130
6745,117
6746,116
6747,130
6748,116
6750,116
6755,117
6759,117
6760,15
6761,116
6762,116
6765,116
6766,116
6767,116
6769,116
6778,116
6780,115
6783,117
6784,133
6785,117
6788,116
6789,123
6790,91
6791,116
6793,115
6796,126
6797,117
6799,117
6800,117
6801,113
6802,117
6806,117
6807,119
6808,117
6812,115
6813,117
6814,116
6816,115
6824,117
6826,123
6827,116
6830,117
6831,115
6833,197
6836,113
6837,116
6839,117
6841,117
6842,116
6843,117
6844,117
6846,117
6850,117
6851,118
6852,199
6853,104
6855,118
6856,200
6859,198
6860,118
6862,118
6866,40
6867,118
6868,118
6870,118
6872,136
6875,137
6881,35
6883,118
6884,121
6888,37
6893,118
6894,39
6895,35
6897,130
6898,39
6901,77
6902,160
6903,118
6904,118
6906,118
6908,76
6910,137
6911,129
6912,120
6913,39
6917,76
6920,119
6921,119
6923,115
6924,115
6928,116
6931,119
6932,115
6936,119
6939,119
6940,116
6941,119
6942,119
6947,56
6948,116
6949,117
6951,119
6953,117
6954,117
6957,56
6960,39
6963,123
6964,115
6965,119
6966,43
6967,128
6970,120
6972,120
6973,120
6975,199
6976,120
6977,148
6978,150
6981,120
6982,120
6991,120
6992,120
6996,120
6997,120
6999,104
7000,120
7005,119
7007,11
7009,127
7010,131
7011,120
7012,129
7013,120
7015,120
7017,125
7018,120
7019,129
7020,120
7025,120
7026,120
7027,99
7030,121
7032,121
7033,131
7034,150
7036,110
7037,121
7040,34
7041,34
7043,127
7047,131
7048,123
7051,115
7054,121
7056,150
7058,124
7060,121
7061,131
7062,131
7064,118
7065,119
7067,115
7068,113
7069,127
7072,92
7073,150
7078,119
7081,131
7083,121
7085,120
7087,121
7091,122
7092,122
7094,122
7095,122
7096,122
7100,122
7102,122
7104,122
7105,184
7110,122
7112,122
7114,114
7115,122
7118,122
7119,122
7121,122
7122,131
7125,122
7126,122
7128,122
7130,122
7131,122
7133,122
7134,122
7135,127
7137,122
7138,122
7140,122
7148,115
7149,184
7150,123
7153,121
7155,123
7159,150
7160,126
7162,131
7165,123
7167,123
7169,123
7170,123
7172,123
7173,129
7174,123
7175,123
7176,123
7177,123
7181,123
7182,123
7183,176
7184,123
7189,123
7190,113
7192,123
7193,123
7196,123
7198,123
7199,123
7204,124
7206,123
7209,123
7210,124
7212,124
7213,123
7219,123
7222,124
7223,121
7224,127
7225,117
7226,124
7228,115
7233,124
7236,131
7237,124
7239,124
7240,124
7241,127
7242,117
7244,124
7246,123
7247,129
7249,174
7251,127
7252,115
7253,127
7255,113
7257,125
7261,119
7263,123
7266,121
7269,179
7271,123
7273,125
7277,127
7279,125
7280,125
7281,125
7282,131
7283,116
7284,125
7289,127
7291,121
7292,125
7293,123
7297,125
7299,123
7302,129
7303,129
7306,131
7309,150
7310,125
7311,125
7313,125
7314,125
7315,150
7317,125
7319,125
7321,125
7326,115
7329,124
7330,126
7331,126
7335,124
7338,124
7340,126
7341,126
7342,128
7344,148
7346,13
7347,126
7349,197
7350,126
7351,150
7352,126
7354,35
7355,126
7356,184
7357,39
7358,126
7361,123
7365,128
7369,163
7372,126
7374,126
7379,126
7383,163
7384,131
7385,194
7386,128
7387,150
7388,127
7389,127
7391,129
7394,127
7395,124
7396,174
7398,127
7400,127
7403,123
7404,123
7405,127
7408,127
7409,127
7413,127
7415,127
7418,113
7421,131
7422,104
7424,127
7425,127
7428,127
7431,129
7434,127
7436,150
7440,127
7441,127
7442,127
7443,128
7446,127
7447,126
7449,115
7450,128
7451,127
7452,128
7454,126
7457,127
7458,128
7463,35
7466,128
7470,115
7473,115
7475,126
7476,126
7477,128
7478,126
7479,128
7481,123
7483,128
7486,174
7487,28
7488,128
7492,115
7494,118
7497,128
7498,128
7500,179
7502,128
7505,126
7506,128
7507,129
7509,126
7510,129
7511,129
7512,127
7516,129
7518,129
7520,184
7521,129
7523,150
7526,127
7529,129
7531,115
7532,121
7533,120
7537,129
7538,115
7539,119
7540,127
7546,120
7548,129
7550,129
7552,133
7553,127
7557,129
7558,129
7559,127
7560,127
7562,129
7565,122
7573,118
7574,114
7576,116
7577,147
7580,115
7581,27
7582,26
7583,116
7586,130
7587,130
7588,133
7589,192
7591,130
7593,114
7596,130
7597,130
7601,174
7602,164
7603,121
7606,85
7607,130
7609,116
7611,118
7613,192
7614,116
7615,116
7620,118
7622,118
7623,118
7625,158
7629,127
7630,131
7631,131
7636,113
7637,123
7638,150
7640,127
7642,130
7644,131
7646,131
7647,113
7650,54
7651,131
7655,127
7659,126
7660,104
7661,150
7663,131
7667,131
7668,131
7669,115
7671,131
7672,131
7674,131
7675,121
7679,127
7680,131
7681,131
7683,113
7684,150
7689,132
7692,132
7693,130
7697,148
7701,132
7705,118
7709,132
7710,160
7712,132
7714,133
7715,132
7719,118
7720,132
7721,118
7722,116
7723,132
7724,116
7725,116
7727,117
7730,116
7733,132
7734,132
7735,130
7736,132
7737,118
7738,133
7739,132
7743,33
7745,132
7746,132
7747,133
7748,130
7749,119
7753,133
7754,133
7756,115
7757,133
7762,133
7768,116
7769,133
7771,150
7772,116
7775,133
7776,18
7777,133
7778,133
7781,133
7782,132
7783,133
7785,198
7786,133
7787,116
7793,116
7794,133
7796,130
7799,174
7801,133
7802,133
7805,133
7806,135
7807,134
7808,134
7809,16
7812,134
7813,134
7815,134
7819,134
7820,134
7822,134
7825,134
7829,134
7830,134
7836,134
7839,134
7841,134
7842,134
7849,134
7851,134
7852,134
7853,10
7856,134
7857,134
7858,26
7859,134
7860,10
7862,134
7863,134
7864,134
7865,134
7866,134
7874,135
7877,135
7879,151
7882,40
7884,40
7887,78
7888,137
7889,117
7891,135
7893,27
7894,137
7895,135
7897,135
7901,135
7903,135
7904,135
7906,103
7907,135
7908,109
7909,137
7913,137
7915,78
7917,137
7918,135
7919,72
7920,40
7922,112
7923,148
7924,27
7925,135
7926,135
7927,15
7928,136
7931,136
7932,136
7933,138
7942,136
7943,136
7944,137
7947,136
7949,138
7950,75
7951,55
7952,188
7953,135
7955,15
7956,137
7963,137
7965,97
7967,138
7970,136
7971,137
7973,138
7974,138
7975,136
7978,136
7980,136
7981,135
7984,136
7985,135
7986,8
7987,135
7989,178
7990,44
7991,103
7994,135
7996,40
7998,34
7999,136
8003,68
8005,137
8009,23
8011,31
8013,137
8015,135
8017,135
8021,171
8022,137
8025,45
8027,178
8028,137
8029,137
8030,136
8032,137
8033,137
8036,46
8037,71
8039,137
8040,135
8045,58
8049,138
8050,111
8051,138
8054,160
8056,138
8058,138
8059,137
8061,147
8063,138
8068,134
8069,138
8071,138
8072,138
8073,135
8077,138
8079,138
8080,135
8081,138
8082,160
8084,138
8086,138
8087,138
8088,138
8091,138
8093,138
8095,138
8097,164
8098,138
8100,112
8105,103
8106,140
8108,161
8109,186
8111,139
8118,167
8119,140
8122,139
8124,140
8126,139
8128,139
8130,139
8134,140
8135,140
8136,139
8137,139
8139,139
8140,139
8143,97
8148,140
8149,17
8150,139
8152,139
8154,139
8155,140
8156,139
8157,139
8159,139
8162,139
8164,139
8165,161
8166,140
8168,97
8171,140
8173,140
8174,140
8175,140
8176,140
8182,140
8184,140
8185,139
8186,139
8188,140
8189,140
8190,140
8195,140
8196,55
8197,42
8199,140
8200,140
8204,140
8207,140
8210,140
8213,140
8215,140
8216,140
8220,140
8222,17
8223,140
8224,140
8225,140
8227,141
8228,147
8232,145
8234,146
8235,141
8238,141
8242,144
8243,146
8244,141
8246,141
8248,141
8249,143
8252,145
8253,141
8254,144
8257,144
8260,146
8261,143
8262,143
8266,32
8268,146
8270,141
8272,146
8273,141
8275,147
8277,147
8278,146
8282,141
8283,143
8284,145
8285,147
8293,45
8296,135
8298,141
8300,142
8304,141
8307,147
8308,71
8310,23
8311,142
8313,142
8314,142
8315,117
8316,137
8317,3
8318,142
8319,71
8320,142
8325,141
8326,145
8327,142
8328,94
8330,90
8331,57
8332,145
8333,135
8334,147
8338,144
8342,61
8345,144
8346,146
8347,141
8348,144
8349,145
8351,144
8352,144
8353,143
8356,143
8357,185
8359,143
8360,143
8362,145
8364,141
8365,145
8367,144
8372,143
8375,144
8380,143
8382,143
8383,144
8386,144
8387,145
8388,143
8389,145
8393,143
8395,143
8396,145
8397,143
8399,145
8404,141
8412,141
8414,145
8417,144
8418,71
8420,144
8421,144
8423,147
8424,143
8425,144
8426,144
8428,144
8432,146
8433,145
8434,143
8438,143
8439,141
8440,141
8442,145
8443,141
8444,141
8446,146
8447,144
8448,141
8451,147
8454,59
8455,146
8457,143
8461,144
8463,146
8464,112
8465,145
8467,145
8468,144
8469,144
8474,146
8475,145
8476,145
8477,145
8478,145
8481,143
8485,144
8487,147
8488,147
8489,145
8490,143
8492,143
8493,145
8495,143
8497,143
8501,143
8503,145
8504,144
8505,143
8506,143
8507,45
8508,143
8509,145
8511,145
8519,146
8524,146
8525,146
8528,147
8529,145
8530,141
8531,143
8535,71
8537,143
8538,143
8539,143
8541,141
8542,147
8546,144
8547,147
8552,146
8554,147
8555,144
8558,147
8560,144
8561,62
8563,146
8565,144
8571,144
8573,147
8575,147
8577,146
8578,146
8580,147
8581,146
8582,146
8586,146
8590,147
8591,147
8593,147
8594,147
8595,147
8596,63
8600,147
8601,147
8604,142
8608,147
8610,147
8611,147
8613,147
8617,147
8618,147
8619,137
8620,147
8622,147
8623,147
8624,147
8627,147
8628,144
8629,147
8630,147
8631,147
8633,141
8634,144
8639,146
8640,147
8644,148
8645,179
8649,148
8651,148
8652,137
8654,163
8655,148
8658,182
8659,148
8660,165
8664,148
8665,196
8667,148
8669,129
8672,148
8675,148
8678,148
8680,179
8682,148
8684,148
8686,148
8690,148
8691,148
8692,148
8693,185
8694,148
8695,148
8696,173
8697,148
8699,148
8705,36
8706,149
8709,179
8712,149
8713,120
8715,150
8719,149
8720,120
8722,149
8723,120
8726,99
8727,115
8729,149
8735,149
8737,99
8739,149
8740,149
8741,149
8742,149
8743,149
8747,120
8748,37
8749,36
8752,149
8753,99
8757,99
8758,129
8760,122
8762,149
8763,150
8768,150
8771,150
8775,150
8776,129
8777,104
8778,91
8779,113
8780,150
8783,150
8784,150
8785,150
8788,150
8789,104
8791,150
8793,196
8795,150
8796,150
8797,150
8802,150
8803,150
8807,150
8808,194
8809,150
8811,150
8812,150
8817,150
8818,150
8821,150
8822,104
8825,151
8826,151
8827,151
8834,151
8840,151
8841,151
8844,151
8846,151
8849,151
8850,151
8854,151
8856,152
8857,151
8858,181
8859,151
8862,151
8864,158
8865,151
8867,151
8872,151
8873,151
8874,155
8876,158
8879,152
8880,152
8882,152
8883,152
8887,156
8888,152
8890,152
8891,152
8892,152
8895,135
8897,152
8898,153
8899,152
8900,151
8904,152
8905,152
8906,152
8909,153
8910,173
8919,152
8920,151
8921,152
8922,152
8923,152
8926,152
8930,152
8931,152
8932,157
8934,77
8936,77
8937,153
8939,155
8940,153
8942,153
8945,153
8946,154
8950,77
8952,153
8956,153
8959,153
8960,154
8965,153
8967,154
8968,33
8969,153
8971,155
8973,157
8976,153
8978,153
8979,152
8980,170
8981,152
8984,153
8986,153
8988,154
8990,181
8992,181
8993,154
8994,178
8995,114
8996,181
8998,154
8999,160
9001,155
9003,31
9004,153
9007,154
9008,179
9009,154
9010,32
9011,178
9013,154
9015,78
9016,155
9025,153
9026,154
9033,154
9034,154
9038,154
9044,179
9045,103
9046,152
9047,155
9048,154
9049,31
9050,77
9052,78
9053,153
9054,43
9056,155
9057,155
9061,154
9064,155
9066,33
9069,153
9071,43
9072,155
9073,155
9075,153
9077,74
9079,179
9081,154
9082,115
9084,155
9085,103
9088,170
9095,170
9096,43
9097,170
9098,155
9099,153
9102,153
9103,155
9108,155
9109,155
9110,153
9111,155
9113,174
9114,165
9121,157
9124,156
9127,156
9128,156
9130,156
9131,156
9132,156
9133,156
9135,156
9136,156
9137,156
9139,156
9140,32
9141,172
9147,156
9148,157
9149,43
9151,156
9152,157
9153,152
9155,37
9159,156
9165,156
9168,156
9169,155
9170,156
9171,156
9172,154
9173,43
9174,157
9175,157
9176,182
9177,157
9179,162
9180,152
9181,165
9182,177
9183,161
9186,156
9187,172
9188,157
9194,157
9195,158
9196,157
9198,152
9201,37
9205,56
9208,37
9213,168
9215,156
9216,153
9217,157
9219,157
9222,157
9229,200
9230,161
9231,157
9233,179
9238,158
9239,158
9240,158
9243,158
9245,165
9246,158
9248,158
9249,37
9250,158
9252,125
9254,158
9257,158
9258,170
9259,158
9260,164
9262,158
9264,158
9266,158
9267,158
9268,158
9270,158
9272,165
9276,78
9278,158
9279,158
9280,158
9282,158
9285,114
9289,158
9294,159
9296,158
9297,159
9298,159
9301,159
9303,159
9306,99
9309,159
9310,159
9312,159
9316,159
9319,164
9320,159
9321,81
9323,159
9325,165
9327,159
9329,159
9330,159
9333,81
9334,159
9338,159
9339,164
9341,159
9343,189
9344,159
9346,159
9347,94
9348,164
9349,99
9352,160
9353,160
9355,160
9356,21
9362,160
9363,160
9366,160
9368,160
9370,160
9375,160
9377,160
9378,160
9379,39
9380,160
9383,160
9384,160
9385,160
9389,160
9390,160
9392,160
9395,164
9396,160
9397,160
9398,160
9399,164
9401,160
9403,160
9407,160
9410,165
9412,161
9413,180
9416,161
9418,152
9419,161
9420,47
9422,161
9426,161
9428,161
9431,161
9433,161
9435,175
9436,168
9439,161
9440,161
9443,161
9448,161
9449,161
9451,177
9452,161
9453,47
9455,161
9456,47
9457,161
9459,161
9462,182
9463,161
9466,33
9467,161
9470,161
9471,162
9472,162
9473,169
9475,162
9476,162
9479,162
9482,172
9486,162
9487,154
9489,172
9490,157
9492,162
9493,163
9494,152
9495,20
9498,162
9500,162
9504,75
9505,162
9507,167
9509,168
9510,20
9514,167
9518,162
9520,157
9523,162
9524,162
9527,177
9528,162
9529,176
9533,163
9534,169
9535,169
9537,173
9539,163
9541,163
9542,176
9547,163
9548,181
9549,163
9550,163
9552,176
9554,123
9555,163
9556,163
9558,163
9560,163
9561,168
9564,163
9566,163
9567,163
9569,163
9571,163
9573,163
9577,163
9580,169
9584,163
9586,163
9587,176
9588,174
9591,164
9593,122
9595,164
9597,164
9598,164
9599,164
9600,164
9602,164
9604,164
9606,164
9610,164
9611,164
9613,164
9614,164
9615,164
9618,164
9619,164
9623,164
9628,164
9631,164
9633,164
9634,164
9636,164
9637,164
9640,158
9641,164
9643,164
9645,15
9648,164
9649,164
9652,165
9654,163
9655,130
9658,165
9659,165
9661,115
9662,165
9663,81
9667,97
9668,158
9669,158
9673,165
9676,43
9678,165
9683,40
9684,165
9686,179
9687,165
9688,165
9689,165
9690,81
9692,165
9696,165
9697,165
9698,158
9699,165
9702,165
9705,164
9706,165
9708,177
9711,48
9714,188
9716,166
9717,166
9718,166
9720,137
9722,179
9727,55
9728,166
9730,48
9732,166
9733,166
9737,166
9738,166
9739,166
9742,166
9743,166
9744,166
9752,166
9754,166
9755,166
9756,166
9758,166
9759,166
9761,166
9763,166
9766,166
9767,168
9768,167
9771,167
9772,180
9773,167
9775,167
9776,167
9777,162
9778,162
9782,167
9785,167
9787,167
9789,180
9790,55
9791,167
9795,167
9796,166
9798,167
9800,167
9802,167
9803,177
9805,175
9807,167
9809,172
9813,157
9816,167
9817,167
9818,177
9819,167
9820,20
9821,167
9823,167
9830,168
9832,168
9835,168
9836,157
9837,161
9838,181
9842,168
9843,168
9845,168
9847,162
9848,55
9849,200
9851,168
9854,167
9856,161
9860,168
9863,168
9865,168
9866,157
9868,168
9870,172
9872,168
9873,168
9876,168
9877,168
9879,200
9883,168
9885,168
9887,168
9889,169
9891,169
9892,157
9894,183
9897,180
9900,169
9903,47
9904,169
9905,172
9907,169
9908,169
9911,169
9913,169
9914,169
9915,169
9917,169
9918,169
9919,172
9920,169
9921,169
9922,169
9925,169
9927,169
9931,169
9932,176
9934,169
9942,169
9943,162
9945,169
9949,20
9952,103
9957,170
9958,170
9959,170
9961,170
9971,161
9972,170
9976,170
9978,179
9980,38
9981,200
9982,170
9983,170
9984,170
9985,157
9986,172
9987,170
9989,179
9990,170
9991,153
9992,161
9993,20
9996,154
9997,170
9998,200
9999,170
10000,170
10006,5
10007,170
10010,20
10011,174
10017,171
10021,159
10022,165
10024,164
10028,17
10029,171
10030,137
10031,174
10032,99
10033,174
10035,171
10037,174
10039,39
10041,171
10042,38
10044,171
10047,115
10048,174
10052,171
10054,116
10055,104
10056,168
10057,159
10058,158
10059,129
10062,171
10064,174
10065,171
10068,167
10069,172
10070,172
10077,172
10079,172
10080,170
10081,172
10082,172
10084,172
10088,172
10089,172
10090,156
10091,172
10092,172
10093,172
10094,172
10095,172
10096,172
10098,172
10100,172
10105,180
10109,172
10110,172
10112,172
10115,172
10116,172
10118,172
10121,172
10122,172
10127,172
10130,154
10131,173
10133,173
10135,153
10136,179
10137,155
10138,172
10139,14
10141,173
10142,179
10145,173
10147,179
10150,126
10151,172
10154,173
10161,179
10163,173
10164,180
10167,97
10172,17
10173,173
10174,173
10175,180
10176,173
10177,32
10178,91
10181,172
10182,153
10185,76
10187,172
10188,174
10192,174
10193,174
10195,104
10196,163
10198,104
10201,174
10205,174
10206,174
10210,174
10211,174
10216,125
10217,174
10218,174
10219,174
10221,174
10222,174
10224,135
10226,40
10228,176
10229,174
10231,174
10232,174
10233,174
10234,117
10235,174
10238,173
10239,174
10241,174
10242,173
10251,175
10253,175
10254,17
10256,182
10257,175
10258,163
10259,43
10261,157
10268,175
10272,157
10274,179
10276,175
10279,175
10282,168
10285,179
10286,179
10288,182
10289,175
10290,176
10292,172
10293,175
10294,175
10295,175
10296,175
10297,175
10298,16
10299,175
10301,172
10302,163
10307,175
10308,176
10310,176
10312,176
10313,176
10316,163
10317,180
10318,176
10320,176
10323,176
10325,176
10327,88
10329,176
10332,176
10334,163
10337,163
10338,163
10339,163
10341,176
10342,163
10343,163
10351,176
10352,176
10355,176
10356,163
10358,176
10359,176
10361,174
10364,163
10366,176
10367,176
10369,177
10371,177
10374,177
10377,177
10380,177
10381,180
10383,167
10384,180
10385,177
10386,177
10387,173
10389,177
10390,180
10391,180
10392,177
10393,186
10396,167
10399,161
10400,177
10401,177
10408,177
10412,180
10415,177
10417,177
10419,177
10421,177
10422,177
10423,96
10425,177
10427,177
10431,178
10432,38
10434,32
10438,32
10439,178
10442,178
10443,154
10445,178
10447,195
10449,148
10450,178
10453,178
10454,178
10456,151
10463,181
10464,178
10465,46
10468,178
10471,157
10472,178
10473,178
10475,178
10477,19
10478,178
10480,178
10482,178
10485,173
10488,153
10489,173
10490,157
10493,179
10494,179
10496,19
10499,154
10500,148
10501,179
10504,91
10505,155
10506,179
10514,154
10515,157
10517,179
10519,174
10520,157
10521,152
10522,95
10525,179
10528,172
10529,172
10532,155
10534,157
10535,170
10536,168
10537,165
10538,119
10543,180
10546,180
10547,180
10548,47
10549,180
10551,180
10554,180
10557,163
10563,156
10565,180
10567,180
10568,180
10569,180
10570,180
10572,180
10576,180
10577,173
10578,47
10581,180
10584,180
10585,180
10587,175
10588,180
10591,157
10592,180
10594,167
10596,180
10597,180
10600,182
10601,180
10604,181
10608,99
10610,181
10611,99
10615,181
10616,181
10618,181
10619,197
10621,117
10623,181
10625,151
10627,184
10629,181
10631,103
10635,181
10637,181
10639,181
10641,181
10642,181
10644,181
10646,181
10647,181
10649,181
10650,181
10652,181
10653,181
10654,197
10655,85
10661,181
10662,169
10664,175
10666,182
10667,182
10668,182
10669,182
10671,182
10672,182
10673,182
10675,182
10678,182
10679,182
10680,182
10684,182
10685,180
10688,180
10689,182
10695,182
10697,182
10699,182
10703,180
10705,182
10706,182
10707,182
10712,163
10713,180
10714,182
10719,182
10720,182
10721,182
10722,183
10725,149
10726,183
10729,183
10730,183
10732,183
10733,126
10736,183
10737,183
10740,150
10742,174
10744,183
10745,183
10746,104
10748,184
10749,183
10751,184
10752,183
10754,183
10755,183
10759,184
10762,184
10768,183
10769,183
10770,174
10773,99
10775,183
10778,183
10779,184
10780,184
10782,159
10784,184
10786,184
10787,183
10793,183
10797,19
10798,159
10804,184
10806,183
10807,184
10809,184
10810,184
10811,184
10812,184
10815,184
10816,184
10819,183
10824,124
10825,184
10826,184
10827,184
10828,184
10829,184
10831,184
10833,184
10835,123
10837,120
10838,184
10839,151
10840,184
10844,185
10845,186
10846,186
10847,93
10848,185
10856,185
10857,185
10858,185
10860,112
10861,45
10862,185
10864,185
10865,185
10866,93
10868,106
10869,185
10872,185
10875,185
10876,32
10879,185
10881,185
10882,185
10883,185
10886,186
10887,185
10889,106
10891,55
10892,185
10898,185
10900,185
10902,186
10903,186
10906,186
10908,112
10910,112
10911,186
10912,186
10915,186
10916,60
10917,186
10919,32
10921,185
10922,186
10923,185
10925,186
10927,33
10928,78
10929,186
10930,77
10935,186
10936,186
10937,186
10938,186
10942,186
10945,186
10947,84
10949,186
10951,185
10952,185
10955,186
10962,187
10963,187
10970,187
10971,187
10973,187
10974,187
10976,80
10981,187
10984,187
10985,187
10986,187
10987,187
10990,187
10993,187
10998,28
11002,187
11004,187
11005,187
11010,187
11011,187
11012,188
11016,188
11017,188
11026,44
11027,188
11028,188
11029,188
11031,13
11032,188
11033,188
11035,188
11039,188
11040,44
11041,108
11042,188
11043,188
11046,188
11048,188
11049,108
11051,188
11052,188
11053,188
11055,188
11058,188
11062,188
11063,188
11064,192
11066,188
11068,188
11070,32
11077,162
11078,189
11079,189
11080,189
11081,189
11085,36
11091,189
11094,36
11097,189
11098,189
11100,189
11102,189
11103,189
11104,189
11105,189
11110,189
11111,189
11114,189
11115,189
11117,189
11118,99
11119,189
11122,189
11123,189
11124,189
11125,189
11126,189
11128,189
11130,189
11131,189
11133,190
11136,190
11137,190
11138,187
11140,190
11141,190
11142,190
11144,190
11145,190
11150,190
11152,190
11160,190
11161,190
11163,190
11164,190
11165,190
11167,190
11168,190
11169,190
11170,190
11171,190
11172,190
11175,190
11176,190
11180,92
11182,190
11184,190
11186,190
11187,190
11190,69
11191,191
11192,83
11194,191
11197,191
11200,191
11201,191
11202,191
11203,191
11204,191
11205,188
11207,191
11208,189
11209,191
11212,191
11213,188
11217,191
11222,137
11223,191
11225,191
11227,189
11230,13
11231,143
11234,97
11239,191
11241,191
11245,191
11246,189
11247,12
11249,191
11250,190
11253,190
11255,192
11257,192
11258,192
11259,192
11260,192
11262,192
11263,192
11266,48
11267,192
11270,192
11273,192
11274,192
11275,81
11278,192
11281,57
11282,192
11284,192
11285,192
11287,192
11288,192
11290,114
11296,192
11297,192
11298,192
11301,192
11305,45
11307,192
11308,192
11310,137
11311,193
11312,196
11314,193
11315,193
11318,193
11320,197
11321,193
11325,198
11327,198
11329,197
11331,112
11334,198
11335,193
11336,197
11337,193
11338,178
11340,127
11343,193
11344,187
11346,193
11348,196
11349,193
11352,193
11353,105
11357,114
11361,112
11362,193
11365,193
11368,178
11370,194
11371,194
11372,194
11373,194
11374,194
11377,36
11378,194
11379,105
11380,194
11381,194
11384,194
11388,194
11389,88
11393,194
11395,194
11398,194
11399,194
11400,194
11402,194
11404,194
11409,196
11410,194
11413,194
11415,194
11417,194
11418,194
11419,28
11420,187
11422,194
11427,194
11430,196
11432,193
11434,195
11437,195
11438,193
11442,115
11444,196
11445,195
11449,195
11450,187
11453,198
11454,193
11457,195
11458,181
11459,195
11461,77
11462,195
11463,195
11467,195
11469,195
11470,195
11472,195
11476,181
11477,196
11478,196
11481,198
11482,195
11483,195
11486,195
11488,195
11494,178
11495,199
11496,178
11497,196
11499,198
11501,199
11502,135
11503,196
11504,196
11505,196
11513,196
11514,173
11515,196
11519,199
11520,92
11521,198
11523,193
11525,196
11526,194
11527,195
11528,196
11531,196
11534,196
11537,196
11538,196
11539,196
11541,196
11543,199
11544,196
11547,13
11549,198
11550,197
11551,197
11559,197
11562,199
11563,196
11564,193
11566,196
11567,197
11568,196
11570,197
11571,199
11574,197
11575,199
11576,197
11577,197
11578,193
11581,173
11583,197
11586,197
11587,28
11588,197
11592,197
11593,174
11595,193
11597,197
11600,197
11602,193
11603,154
11608,67
11609,81
11611,198
11615,45
11618,198
11620,198
11625,198
11628,198
11629,198
11630,198
11631,198
11632,198
11637,198
11638,148
11639,198
11641,198
11644,198
11645,198
11646,198
11648,198
11649,198
11650,93
11651,102
11653,198
11654,196
11656,148
11658,198
11659,178
11661,198
11662,198
11665,198
11670,196
11672,199
11673,193
11674,199
11675,199
11676,199
11678,199
11679,196
11680,199
11683,199
11684,199
11687,199
11689,199
11692,199
11693,199
11695,195
11699,199
11700,199
11701,197
11704,199
11707,196
11709,199
11711,199
11712,199
11713,199
11714,199
11720,199
11723,197
11725,199
11727,105
11729,20
11730,200
11733,47
11735,200
11737,200
11740,200
11741,200
11742,167
11744,200
11745,20
11747,200
11749,200
11751,200
11756,20
11757,98
11761,157
11764,32
11766,200
11768,200
11769,32
11771,200
11773,200
11775,200
11777,200
11779,98
11780,200
11783,200
11785,200
11786,169
11788,200
