Id,Category
1,66
3,66
6,72
10,2
12,72
13,2
14,45
16,72
17,3
19,8
22,45
24,1
25,72
26,3
27,72
28,72
29,72
33,3
34,8
38,8
39,3
44,72
45,3
47,44
48,3
50,176
52,3
54,72
57,72
59,72
61,72
63,2
65,84
68,2
70,3
71,66
76,2
79,2
82,62
83,2
85,2
87,84
88,22
90,66
91,144
92,66
93,2
94,66
95,3
98,2
100,2
101,2
103,3
106,3
107,2
108,2
112,66
114,2
118,2
119,2
126,3
129,3
130,3
132,3
133,3
134,3
135,3
139,84
144,61
146,3
147,3
149,3
150,186
154,87
155,3
156,59
157,3
161,72
162,72
163,3
165,3
167,3
169,3
170,3
171,3
173,72
175,3
178,3
179,4
180,4
183,4
185,4
186,4
190,4
191,4
192,4
193,4
198,4
199,4
200,4
201,4
205,4
207,4
208,4
210,4
211,4
212,4
214,4
217,4
219,4
223,108
226,4
229,105
231,4
233,4
234,4
236,108
237,4
239,24
240,24
244,8
246,5
251,5
252,7
255,5
259,5
260,5
265,5
271,108
277,5
279,5
282,5
286,6
292,6
298,6
300,6
304,6
308,6
309,6
311,108
312,6
314,6
315,6
325,7
329,7
330,7
337,7
340,7
343,7
344,7
346,7
348,7
350,5
351,7
352,72
354,7
356,7
357,7
360,7
363,7
365,7
369,5
370,7
371,7
372,68
373,7
381,8
382,100
383,8
384,21
386,8
387,132
389,8
391,72
394,8
405,8
407,8
408,90
410,166
412,11
419,184
420,8
422,8
424,8
425,9
430,108
434,29
435,49
438,49
439,30
440,11
442,74
443,134
445,49
447,26
448,23
449,11
450,49
451,29
453,29
454,49
455,11
457,49
458,49
459,108
462,49
463,9
468,30
472,11
473,11
475,11
480,49
483,11
487,10
488,10
492,10
493,10
494,10
498,10
499,10
501,30
503,30
506,10
508,10
509,4
510,30
512,10
513,10
514,11
516,10
517,10
519,10
521,10
522,55
525,10
526,10
528,10
532,10
534,10
536,10
538,10
540,10
543,10
546,13
548,11
550,11
551,93
553,9
556,22
558,11
560,32
563,9
565,11
567,108
569,11
571,174
572,11
573,11
578,11
579,11
580,54
582,11
583,30
584,11
585,25
586,11
589,11
590,134
592,49
594,49
597,54
602,11
603,92
604,12
608,12
609,12
610,12
615,12
616,12
618,12
622,44
623,12
624,12
627,12
632,109
634,12
637,12
638,12
640,12
643,13
644,12
646,12
649,12
650,12
651,12
654,12
656,12
658,12
659,12
661,13
664,88
665,13
673,108
674,13
675,13
676,13
679,13
681,13
683,13
684,13
686,13
687,113
688,13
689,13
692,96
695,13
696,13
697,13
698,13
700,13
703,108
704,13
705,13
707,13
708,13
709,13
711,13
714,13
718,13
721,14
723,14
724,14
726,14
728,14
731,14
737,14
738,54
739,14
742,14
743,14
745,14
749,14
750,14
752,14
753,14
757,14
759,14
761,14
763,14
764,14
765,14
766,14
767,14
771,14
772,14
773,14
774,14
777,14
779,14
783,15
785,15
786,15
787,15
795,15
796,15
797,15
799,15
800,15
802,15
803,15
804,15
805,15
808,15
809,15
811,15
815,14
817,15
820,15
821,15
824,15
825,15
826,15
827,15
830,15
831,15
832,15
837,15
838,16
839,16
840,16
842,16
844,16
846,16
847,16
848,16
849,173
850,16
851,16
852,16
854,16
858,16
866,16
868,16
869,16
876,15
878,14
880,16
882,55
883,16
885,16
886,16
887,16
890,16
892,173
893,16
896,17
897,17
899,17
901,17
903,17
904,17
905,17
908,17
909,17
911,17
913,17
914,17
915,17
919,17
921,17
924,17
930,17
932,17
933,17
936,17
938,17
940,17
942,140
944,17
945,17
948,17
949,17
953,18
958,18
961,18
962,18
968,18
969,18
971,18
973,18
976,18
977,18
978,18
983,18
993,18
996,18
997,18
998,19
999,19
1001,19
1003,19
1005,19
1006,19
1009,19
1011,19
1012,19
1013,14
1014,19
1016,115
1018,19
1021,19
1025,19
1028,19
1030,19
1031,19
1033,19
1035,19
1036,54
1038,19
1041,19
1043,170
1044,19
1046,19
1047,19
1050,33
1054,19
1057,172
1061,20
1062,8
1063,20
1064,20
1066,162
1068,168
1070,32
1071,96
1072,20
1075,20
1076,20
1077,20
1081,95
1082,168
1084,172
1086,20
1089,20
1090,20
1092,156
1095,20
1096,55
1097,168
1099,20
1102,20
1104,20
1105,20
1108,172
1109,172
1116,21
1117,21
1118,21
1119,21
1127,21
1128,21
1131,108
1132,149
1133,21
1136,21
1137,21
1138,21
1142,21
1143,21
1144,21
1148,15
1150,21
1153,21
1154,21
1158,21
1159,21
1160,15
1161,17
1162,21
1164,21
1168,21
1169,97
1170,21
1172,21
1174,15
1176,22
1177,22
1178,22
1179,22
1180,124
1182,22
1183,22
1190,92
1192,92
1193,105
1195,22
1199,22
1200,22
1206,105
1209,22
1211,22
1212,22
1215,105
1216,22
1217,22
1218,22
1220,22
1223,22
1225,105
1226,92
1230,22
1234,194
1235,23
1237,23
1240,25
1243,72
1244,72
1247,25
1249,23
1254,108
1255,58
1257,23
1258,23
1261,23
1262,11
1264,23
1265,25
1266,23
1267,23
1268,25
1269,178
1271,23
1272,52
1273,23
1275,25
1281,23
1283,22
1284,23
1285,25
1289,187
1292,108
1293,24
1295,24
1297,25
1301,167
1304,24
1305,24
1306,25
1313,25
1315,25
1316,24
1317,25
1319,24
1321,24
1323,25
1325,24
1330,24
1333,24
1335,25
1339,59
1341,24
1342,24
1345,72
1347,90
1348,72
1350,25
1351,25
1352,25
1356,160
1359,24
1364,25
1367,25
1371,25
1372,25
1373,25
1376,25
1379,25
1382,25
1385,23
1386,23
1387,72
1388,25
1390,25
1391,25
1392,25
1393,25
1394,25
1395,23
1396,25
1397,25
1399,25
1400,25
1409,55
1410,150
1411,108
1412,134
1413,26
1416,49
1419,26
1421,49
1422,54
1423,26
1424,26
1425,26
1427,49
1430,26
1431,134
1432,21
1433,54
1434,26
1435,134
1437,26
1442,26
1443,26
1446,30
1448,134
1449,9
1450,26
1451,4
1454,11
1457,26
1462,21
1463,108
1467,11
1471,40
1473,49
1477,30
1478,30
1479,49
1480,49
1481,54
1482,49
1483,49
1485,54
1487,134
1490,91
1492,49
1494,61
1495,97
1496,4
1497,29
1498,49
1502,49
1503,93
1506,11
1507,30
1513,11
1517,108
1518,54
1520,30
1521,49
1522,49
1524,28
1525,28
1526,28
1529,194
1531,28
1534,194
1536,28
1538,28
1539,28
1542,28
1545,28
1546,28
1550,28
1551,28
1553,28
1555,28
1556,194
1558,28
1559,28
1560,194
1561,28
1563,194
1566,28
1568,28
1570,28
1575,28
1576,194
1577,28
1580,28
1583,108
1593,107
1594,107
1596,22
1597,107
1600,30
1602,29
1605,107
1606,30
1607,108
1609,107
1610,49
1611,30
1612,107
1613,108
1614,108
1615,107
1616,30
1618,107
1625,4
1626,30
1627,107
1628,29
1629,29
1630,29
1631,54
1633,107
1634,30
1636,107
1640,107
1643,30
1644,29
1646,30
1648,49
1649,30
1651,107
1652,29
1655,108
1656,54
1659,11
1660,30
1661,29
1662,11
1664,30
1665,108
1666,108
1667,49
1673,30
1678,107
1679,107
1682,30
1683,4
1692,30
1693,97
1694,30
1695,115
1696,9
1697,108
1698,30
1700,30
1702,33
1705,31
1708,31
1710,31
1712,33
1713,31
1715,33
1718,33
1719,31
1722,33
1723,33
1725,31
1728,31
1729,33
1730,31
1733,31
1736,31
1737,31
1738,33
1739,31
1743,33
1745,78
1746,31
1748,31
1750,31
1753,31
1755,33
1756,31
1760,33
1761,33
1768,32
1771,32
1776,135
1777,32
1780,32
1782,32
1783,72
1784,32
1785,32
1786,32
1788,32
1791,32
1793,32
1796,32
1797,156
1798,32
1799,32
1800,32
1804,32
1805,32
1807,32
1811,32
1814,31
1816,32
1819,33
1822,33
1826,33
1828,33
1829,33
1832,33
1836,31
1838,156
1840,141
1843,33
1844,188
1845,62
1846,33
1847,33
1848,185
1851,33
1853,33
1856,165
1857,32
1859,176
1861,33
1862,33
1865,143
1866,33
1867,33
1869,33
1871,33
1873,32
1874,34
1876,34
1882,148
1884,45
1885,34
1887,34
1888,34
1890,34
1891,34
1893,34
1894,34
1896,34
1900,34
1901,34
1902,34
1906,34
1908,34
1909,34
1910,34
1913,34
1915,62
1916,34
1917,34
1919,34
1924,72
1925,34
1926,34
1927,34
1931,11
1935,35
1937,35
1939,35
1940,35
1942,35
1943,35
1944,35
1946,35
1947,35
1948,35
1950,35
1956,35
1958,35
1959,116
1960,35
1962,35
1964,35
1965,131
1966,35
1967,35
1968,35
1969,35
1976,56
1980,35
1983,131
1984,35
1985,35
1986,35
1987,35
1989,35
1993,194
1995,194
1996,36
1997,36
1999,36
2000,194
2004,36
2005,194
2006,194
2008,194
2010,36
2014,194
2015,36
2016,190
2020,36
2021,36
2024,194
2027,194
2029,194
2030,194
2031,36
2032,194
2035,36
2037,36
2039,36
2040,36
2043,194
2048,36
2049,194
2051,194
2057,165
2059,37
2060,37
2062,37
2063,37
2064,37
2067,37
2070,37
2072,37
2073,154
2074,37
2075,37
2076,37
2077,37
2081,13
2084,37
2086,37
2091,37
2092,37
2093,37
2096,37
2098,99
2100,43
2101,40
2104,37
2107,37
2108,37
2109,43
2111,37
2112,38
2119,38
2120,38
2123,38
2126,95
2127,38
2128,38
2129,38
2131,8
2132,38
2134,40
2135,153
2139,40
2141,38
2142,43
2143,38
2145,37
2146,156
2148,38
2150,32
2153,38
2156,38
2158,38
2160,15
2162,38
2163,115
2164,38
2168,77
2170,38
2171,38
2179,99
2180,37
2183,185
2184,39
2186,37
2188,43
2189,78
2190,78
2193,150
2194,37
2195,43
2200,37
2201,37
2203,39
2204,156
2206,38
2207,78
2209,57
2211,39
2212,37
2213,43
2216,37
2218,37
2219,37
2222,37
2223,39
2226,37
2229,64
2230,178
2231,40
2234,148
2236,40
2239,151
2242,99
2244,115
2249,37
2250,40
2252,99
2256,193
2257,40
2258,31
2260,135
2264,40
2265,40
2268,40
2269,40
2273,40
2274,40
2276,40
2278,40
2280,40
2281,156
2282,40
2283,40
2284,40
2285,78
2287,40
2288,78
2290,32
2292,41
2293,78
2294,41
2295,41
2297,41
2298,41
2300,41
2302,41
2303,59
2305,41
2306,41
2307,41
2308,41
2310,41
2312,41
2315,41
2316,41
2318,147
2319,41
2321,41
2322,41
2327,41
2328,141
2329,41
2330,59
2331,41
2336,41
2338,15
2341,145
2348,41
2351,139
2355,56
2357,42
2358,42
2360,42
2361,42
2362,41
2363,42
2365,42
2366,42
2367,42
2368,139
2370,42
2371,188
2374,42
2376,139
2377,42
2379,42
2380,69
2381,42
2382,42
2389,17
2390,42
2393,42
2394,42
2399,56
2400,42
2404,42
2409,15
2410,42
2411,176
2412,39
2413,37
2415,37
2418,37
2421,37
2423,55
2427,37
2430,37
2431,180
2434,37
2435,157
2436,37
2437,161
2438,37
2442,164
2444,43
2445,37
2450,43
2452,43
2453,40
2454,77
2456,182
2457,37
2459,43
2463,37
2464,37
2466,43
2468,153
2470,142
2472,143
2473,51
2474,44
2475,44
2476,44
2481,44
2482,72
2483,44
2485,44
2488,44
2489,44
2491,44
2492,72
2493,44
2494,44
2495,44
2496,44
2497,8
2498,44
2499,44
2500,44
2503,44
2505,44
2507,44
2508,44
2511,2
2514,44
2520,44
2525,44
2531,84
2532,45
2538,84
2540,2
2541,45
2547,45
2548,45
2549,143
2551,84
2552,45
2553,72
2556,3
2557,84
2559,45
2561,72
2569,45
2570,45
2571,64
2572,2
2574,84
2575,84
2577,45
2578,45
2579,45
2580,3
2581,84
2582,84
2583,45
2588,84
2589,84
2590,46
2592,46
2594,46
2596,72
2599,46
2600,46
2603,46
2604,46
2606,46
2607,46
2609,46
2610,46
2611,46
2613,46
2614,46
2617,86
2618,46
2619,46
2622,46
2624,46
2627,46
2628,46
2630,46
2631,46
2632,72
2633,46
2636,46
2640,46
2648,46
2649,46
2650,55
2652,47
2653,47
2655,47
2657,47
2658,47
2660,47
2662,47
2669,165
2670,47
2671,47
2673,96
2674,47
2675,47
2676,47
2677,47
2678,47
2680,47
2681,47
2685,57
2689,47
2691,47
2693,47
2694,47
2695,47
2696,47
2703,47
2705,47
2707,47
2709,47
2710,48
2711,48
2712,48
2713,48
2715,48
2716,48
2717,48
2725,48
2727,48
2730,48
2731,48
2733,48
2735,166
2736,48
2737,48
2738,39
2740,48
2744,48
2746,48
2751,48
2752,48
2753,48
2760,48
2761,48
2763,48
2764,48
2765,48
2766,48
2767,48
2769,48
2770,49
2773,49
2774,49
2776,49
2778,49
2780,49
2782,49
2783,49
2784,11
2785,49
2789,55
2790,49
2792,49
2796,49
2799,74
2801,49
2802,49
2803,49
2804,49
2805,30
2806,49
2807,69
2810,185
2812,134
2813,108
2818,49
2822,49
2824,49
2826,49
2829,54
2830,51
2831,50
2834,51
2835,50
2836,51
2837,50
2839,51
2845,51
2846,51
2847,100
2848,51
2851,51
2852,50
2853,51
2858,51
2862,22
2863,51
2866,50
2867,51
2868,51
2869,51
2873,50
2874,51
2875,50
2878,51
2879,51
2880,51
2883,50
2885,50
2887,50
2892,51
2893,51
2897,51
2898,51
2900,51
2901,51
2902,51
2904,51
2906,51
2908,51
2909,51
2913,51
2915,51
2917,51
2918,51
2919,72
2920,51
2921,51
2923,51
2924,51
2926,51
2929,51
2934,51
2935,51
2936,51
2938,51
2940,147
2941,51
2942,51
2949,51
2951,52
2952,52
2957,52
2959,52
2960,52
2961,52
2963,52
2965,52
2967,52
2968,52
2971,52
2974,52
2975,52
2977,52
2979,52
2981,52
2982,52
2983,52
2984,51
2988,52
2991,52
2992,52
2993,52
2995,52
2997,52
3001,72
3004,52
3005,52
3006,52
3007,51
3011,53
3012,53
3013,53
3015,53
3018,53
3019,53
3021,53
3022,53
3025,53
3029,53
3032,53
3034,22
3037,53
3039,53
3045,53
3050,53
3051,53
3053,22
3055,51
3056,53
3057,53
3058,53
3059,53
3060,53
3061,53
3062,53
3063,53
3064,53
3066,53
3067,53
3071,14
3072,54
3074,54
3075,4
3076,54
3078,54
3080,54
3081,54
3083,54
3084,54
3087,14
3090,54
3091,54
3097,54
3098,54
3099,54
3100,54
3101,54
3105,54
3107,54
3108,54
3110,54
3111,54
3112,54
3116,54
3118,54
3124,54
3127,54
3128,54
3129,54
3130,55
3131,55
3133,55
3135,55
3136,55
3137,55
3138,55
3140,55
3144,55
3146,55
3148,55
3150,55
3151,55
3153,55
3154,55
3155,55
3156,55
3162,55
3166,55
3168,55
3169,55
3170,55
3171,55
3172,55
3176,181
3179,55
3182,55
3184,55
3185,55
3186,55
3190,56
3191,56
3192,56
3193,56
3195,56
3198,56
3201,56
3204,56
3206,56
3211,56
3216,56
3218,56
3219,56
3220,56
3222,56
3223,56
3225,35
3226,56
3227,56
3228,56
3230,56
3231,119
3233,56
3239,56
3242,56
3243,56
3244,56
3246,56
3247,56
3249,56
3251,57
3252,57
3253,57
3254,57
3257,57
3258,57
3259,57
3261,57
3264,57
3267,57
3269,57
3273,57
3276,57
3280,57
3282,57
3284,57
3285,57
3287,57
3290,57
3291,194
3292,57
3294,57
3295,57
3296,57
3298,57
3299,33
3301,57
3302,57
3305,57
3307,57
3312,58
3313,58
3315,8
3317,58
3318,89
3319,86
3321,58
3322,58
3323,144
3326,58
3327,58
3328,72
3329,23
3330,58
3331,58
3342,58
3344,72
3350,58
3351,58
3353,58
3354,58
3356,58
3357,58
3358,57
3359,58
3361,7
3364,58
3367,86
3368,59
3370,66
3372,60
3376,64
3377,66
3378,59
3379,59
3383,66
3384,59
3386,59
3390,59
3391,66
3393,60
3399,59
3400,66
3403,62
3404,59
3406,59
3408,66
3409,59
3410,66
3411,66
3413,141
3414,66
3416,66
3417,59
3418,66
3419,59
3420,147
3421,64
3428,59
3432,66
3433,146
3434,64
3436,84
3442,66
3444,59
3445,60
3446,64
3448,60
3449,66
3450,66
3452,60
3453,66
3454,59
3455,60
3457,59
3461,60
3465,66
3469,60
3470,60
3472,60
3474,59
3475,60
3477,66
3478,66
3480,66
3483,60
3485,60
3487,61
3489,61
3490,66
3491,61
3492,66
3494,61
3495,61
3496,61
3499,66
3500,84
3505,61
3511,61
3513,61
3514,61
3515,61
3519,61
3521,61
3522,59
3525,61
3526,61
3527,61
3528,66
3529,61
3530,8
3531,84
3536,61
3537,61
3538,61
3541,61
3543,61
3547,62
3548,144
3549,66
3550,59
3552,64
3554,59
3556,60
3557,66
3562,66
3566,65
3568,84
3570,61
3573,59
3576,66
3577,59
3579,64
3580,101
3581,59
3582,84
3584,59
3585,65
3592,64
3593,59
3594,66
3596,143
3598,66
3600,62
3601,146
3603,59
3604,59
3607,63
3613,63
3615,63
3619,63
3622,59
3623,63
3624,63
3626,63
3627,63
3631,60
3632,63
3633,63
3636,63
3638,63
3639,63
3641,63
3642,63
3643,63
3644,63
3646,63
3648,84
3649,63
3651,63
3652,63
3654,64
3656,63
3659,63
3662,63
3664,63
3666,63
3667,61
3668,64
3669,64
3673,84
3677,146
3679,64
3680,63
3682,64
3683,64
3684,60
3685,60
3686,60
3688,59
3691,64
3696,59
3698,64
3699,184
3704,194
3705,64
3707,64
3708,64
3711,141
3713,59
3714,59
3716,64
3717,59
3719,64
3722,59
3723,59
3726,64
3727,66
3729,66
3732,60
3733,84
3735,72
3742,66
3744,57
3745,59
3749,72
3750,64
3751,65
3753,65
3755,59
3758,45
3760,72
3763,72
3766,44
3767,59
3768,66
3771,66
3777,66
3778,66
3779,66
3782,66
3788,66
3789,66
3791,60
3793,62
3796,66
3797,62
3798,66
3800,66
3804,66
3806,66
3808,66
3809,84
3813,66
3814,66
3820,66
3821,66
3823,66
3825,66
3826,66
3827,66
3828,66
3829,66
3830,66
3831,66
3834,59
3836,66
3837,69
3838,69
3840,69
3842,69
3844,78
3846,67
3847,105
3851,35
3852,69
3855,67
3856,68
3857,69
3859,11
3863,69
3870,67
3871,69
3875,67
3876,69
3877,67
3878,198
3879,69
3880,69
3881,69
3882,194
3883,105
3884,69
3885,67
3886,69
3895,178
3896,68
3898,69
3899,69
3900,68
3903,69
3907,68
3908,69
3909,67
3911,68
3914,69
3917,69
3918,69
3921,69
3923,69
3924,69
3925,68
3926,68
3927,18
3929,69
3934,68
3935,64
3937,68
3938,67
3939,69
3940,72
3943,68
3944,68
3945,68
3947,68
3951,69
3953,68
3958,69
3960,69
3963,69
3965,68
3968,49
3971,69
3973,69
3974,69
3976,68
3977,69
3978,69
3980,69
3982,69
3983,69
3985,68
3986,197
3987,69
3989,69
3991,69
3992,70
3993,69
3994,69
3999,69
4001,69
4002,69
4004,69
4009,69
4010,69
4013,69
4014,69
4020,70
4021,70
4025,70
4026,70
4033,70
4034,70
4036,70
4037,70
4038,70
4040,70
4042,70
4043,70
4045,70
4046,70
4047,70
4048,70
4050,70
4051,70
4052,70
4053,70
4054,70
4056,70
4058,70
4059,70
4062,70
4063,70
4064,70
4065,70
4070,70
4073,70
4077,141
4080,141
4081,72
4083,72
4084,44
4085,143
4086,64
4087,72
4088,72
4089,72
4094,72
4098,71
4099,72
4101,72
4102,145
4104,72
4106,71
4108,72
4109,71
4110,108
4115,72
4118,59
4119,136
4120,147
4121,71
4123,72
4125,72
4128,3
4132,72
4135,61
4138,66
4139,72
4140,72
4141,72
4144,72
4145,44
4148,72
4150,72
4151,72
4152,92
4153,72
4161,72
4163,72
4168,72
4169,72
4172,72
4175,72
4176,72
4177,46
4179,72
4180,72
4181,72
4182,72
4185,72
4186,72
4187,72
4189,72
4192,72
4195,72
4196,72
4198,73
4200,73
4202,74
4204,73
4205,32
4206,74
4207,73
4210,73
4212,73
4213,74
4215,73
4217,73
4220,73
4222,73
4224,73
4225,73
4226,73
4227,73
4228,73
4231,73
4235,73
4237,136
4245,73
4246,73
4247,73
4249,73
4250,138
4252,73
4253,73
4255,73
4258,15
4261,74
4262,74
4264,74
4265,74
4270,74
4274,74
4277,15
4280,74
4281,15
4284,15
4285,74
4287,74
4288,74
4292,74
4293,74
4294,74
4295,74
4298,74
4300,74
4304,15
4305,93
4307,74
4308,74
4310,74
4311,74
4312,74
4313,74
4314,15
4315,74
4317,75
4318,75
4319,75
4322,75
4323,75
4327,75
4330,75
4333,75
4335,168
4336,75
4337,75
4338,75
4339,75
4340,75
4344,75
4351,75
4353,75
4357,32
4359,75
4364,75
4365,75
4366,75
4367,75
4368,75
4371,75
4372,75
4373,75
4375,76
4376,76
4377,76
4378,11
4379,76
4381,115
4382,132
4384,76
4386,76
4388,76
4389,76
4393,76
4395,76
4396,72
4397,76
4399,14
4400,76
4402,76
4403,15
4404,76
4408,21
4409,15
4411,160
4413,76
4418,76
4419,28
4421,59
4425,57
4430,76
4431,136
4436,74
4438,77
4441,77
4442,32
4444,91
4446,77
4447,77
4451,77
4455,77
4457,77
4460,78
4461,77
4462,77
4463,77
4464,77
4466,77
4467,77
4468,77
4469,166
4470,77
4472,77
4474,72
4479,77
4480,77
4481,172
4486,77
4487,77
4488,74
4492,77
4493,77
4496,78
4497,78
4499,78
4500,78
4501,78
4502,78
4503,78
4504,78
4505,78
4506,78
4507,78
4512,78
4514,78
4515,78
4516,78
4517,33
4522,78
4525,78
4527,78
4532,78
4533,78
4535,78
4536,78
4537,78
4538,78
4543,78
4545,78
4547,78
4552,33
4555,79
4560,82
4566,79
4571,82
4576,82
4577,82
4579,108
4583,81
4584,82
4585,82
4586,79
4587,79
4588,82
4589,79
4591,82
4592,15
4593,82
4594,81
4595,80
4596,82
4597,82
4598,79
4600,184
4601,82
4602,79
4603,82
4605,79
4606,82
4610,82
4611,80
4613,80
4615,80
4618,80
4622,81
4623,80
4624,80
4626,80
4630,80
4633,80
4636,82
4637,80
4638,184
4640,80
4641,80
4642,82
4643,80
4644,80
4648,80
4649,80
4650,189
4651,80
4652,80
4662,80
4663,79
4664,80
4666,80
4667,81
4668,80
4670,82
4671,80
4673,81
4675,81
4676,81
4679,81
4681,81
4682,81
4684,81
4685,81
4687,81
4689,81
4690,81
4693,81
4696,81
4697,81
4698,81
4704,81
4705,81
4707,81
4709,81
4710,81
4711,81
4715,81
4720,81
4721,81
4722,132
4725,81
4728,192
4730,79
4731,81
4732,81
4733,82
4735,82
4736,82
4739,82
4740,82
4741,118
4742,82
4746,82
4750,82
4751,82
4752,82
4753,82
4754,82
4755,82
4758,82
4759,82
4761,82
4763,82
4766,83
4771,82
4773,194
4774,82
4775,82
4778,82
4781,82
4783,82
4785,82
4787,82
4789,82
4791,82
4793,83
4795,83
4796,83
4797,32
4798,83
4800,83
4802,83
4805,83
4808,83
4811,83
4815,83
4816,83
4817,83
4818,83
4819,83
4823,83
4824,83
4825,83
4827,83
4829,83
4830,83
4831,83
4832,83
4833,83
4834,83
4836,83
4837,83
4843,83
4846,83
4847,83
4854,84
4856,84
4862,84
4863,84
4864,84
4865,84
4866,84
4870,84
4872,84
4874,84
4875,59
4879,84
4883,84
4884,84
4885,84
4888,84
4889,84
4890,84
4891,84
4901,84
4902,84
4903,63
4905,84
4908,85
4909,85
4911,85
4913,85
4914,85
4915,85
4917,85
4918,85
4919,85
4921,85
4924,85
4925,85
4926,85
4927,85
4928,85
4931,85
4932,85
4934,85
4936,85
4939,85
4940,85
4942,85
4943,85
4944,85
4949,85
4958,85
4960,85
4962,85
4963,115
4965,85
4966,72
4967,86
4971,86
4973,86
4976,72
4978,86
4979,86
4980,86
4981,86
4982,86
4983,86
4984,86
4986,86
4987,72
4989,86
4990,86
4991,72
4995,86
4996,90
4998,86
4999,86
5002,86
5005,86
5009,86
5010,86
5012,86
5013,50
5015,86
5021,86
5025,86
5026,87
5027,87
5028,87
5029,151
5031,87
5034,87
5036,87
5041,87
5045,46
5046,51
5049,87
5051,87
5055,87
5056,46
5057,46
5059,87
5060,87
5061,87
5062,87
5066,87
5070,87
5071,87
5072,87
5074,87
5077,87
5078,87
5081,46
5082,132
5084,59
5085,87
5090,88
5094,88
5095,88
5097,88
5098,194
5100,88
5101,88
5102,88
5103,194
5104,194
5105,88
5106,88
5107,194
5108,88
5110,88
5113,88
5115,88
5118,88
5119,88
5120,88
5122,88
5124,88
5125,88
5132,88
5133,88
5134,194
5136,88
5137,88
5140,88
5141,88
5146,90
5150,89
5154,89
5156,89
5160,89
5161,89
5165,72
5166,89
5167,89
5169,89
5177,89
5178,89
5179,89
5182,89
5183,89
5186,89
5188,89
5189,51
5190,89
5191,90
5192,89
5193,90
5195,89
5197,89
5198,89
5199,11
5201,89
5202,89
5203,89
5205,89
5207,90
5209,72
5213,90
5214,90
5216,90
5218,90
5219,90
5220,90
5223,90
5224,90
5225,90
5226,174
5227,90
5228,90
5229,90
5232,90
5234,90
5238,90
5240,90
5243,90
5245,90
5247,90
5250,44
5253,90
5254,90
5257,90
5258,90
5259,90
5263,90
5265,90
5266,91
5272,91
5273,91
5274,178
5275,148
5276,93
5277,81
5282,132
5283,153
5284,11
5290,91
5291,64
5293,150
5296,91
5298,91
5299,91
5301,54
5306,91
5307,194
5309,91
5311,156
5312,91
5316,91
5317,91
5318,78
5319,91
5320,78
5321,91
5324,78
5325,91
5326,92
5328,92
5329,92
5330,92
5331,92
5332,92
5334,22
5335,22
5336,105
5337,92
5343,92
5344,92
5346,190
5347,92
5349,92
5352,92
5353,72
5361,92
5363,92
5364,92
5365,92
5369,92
5372,92
5373,92
5376,72
5377,92
5379,92
5380,92
5383,92
5384,92
5386,93
5387,93
5388,93
5389,93
5390,93
5391,93
5395,93
5399,93
5402,93
5403,93
5406,93
5407,93
5409,93
5410,93
5411,93
5412,93
5413,93
5421,93
5422,93
5423,93
5426,93
5427,93
5428,93
5431,93
5434,93
5435,93
5437,93
5438,93
5440,93
5445,93
5446,19
5447,94
5448,94
5449,115
5451,74
5453,94
5455,19
5456,62
5457,94
5464,94
5468,94
5470,94
5471,94
5474,94
5476,115
5478,94
5479,94
5480,94
5483,94
5485,94
5487,141
5488,94
5489,155
5491,94
5494,94
5496,94
5497,94
5499,94
5502,19
5505,94
5506,95
5508,175
5509,95
5510,95
5515,95
5519,95
5520,95
5521,95
5524,95
5525,95
5527,95
5529,95
5530,95
5531,95
5532,95
5533,55
5536,95
5537,95
5538,109
5539,95
5541,95
5542,95
5544,95
5546,95
5547,95
5548,95
5550,95
5551,95
5552,95
5555,95
5567,96
5568,96
5569,96
5570,55
5571,96
5572,96
5574,96
5575,96
5576,55
5578,182
5580,95
5585,96
5588,168
5589,175
5591,96
5597,96
5598,96
5602,96
5605,4
5608,96
5610,96
5613,96
5614,96
5615,96
5616,175
5617,96
5622,139
5623,96
5624,96
5625,95
5626,97
5627,97
5632,82
5633,55
5634,97
5638,97
5639,97
5640,97
5644,139
5645,97
5647,97
5649,97
5650,57
5652,97
5653,97
5654,113
5656,97
5659,97
5660,97
5664,97
5665,97
5667,180
5668,97
5669,97
5672,97
5677,97
5679,97
5682,139
5683,97
5685,57
5686,21
5687,98
5692,98
5693,98
5694,175
5697,31
5700,98
5703,98
5706,96
5707,98
5711,109
5712,98
5714,98
5715,98
5717,57
5719,98
5722,98
5725,175
5728,97
5730,98
5731,98
5734,97
5735,55
5736,55
5738,97
5739,98
5740,98
5741,98
5742,98
5746,184
5748,99
5749,99
5751,99
5752,99
5753,99
5755,99
5757,99
5759,99
5760,110
5763,99
5766,99
5767,99
5768,149
5769,99
5774,99
5775,99
5777,99
5784,99
5785,99
5786,99
5787,99
5788,99
5789,99
5791,99
5795,99
5797,99
5798,99
5799,99
5801,78
5805,100
5806,100
5807,100
5808,100
5809,100
5810,100
5813,100
5814,100
5815,100
5816,100
5817,100
5818,100
5820,100
5823,100
5829,101
5837,100
5838,100
5843,100
5846,100
5847,72
5848,100
5853,72
5854,100
5855,188
5856,100
5858,100
5859,100
5861,100
5862,100
5863,100
5865,100
5867,101
5868,101
5870,101
5871,101
5873,101
5877,101
5884,101
5885,141
5886,101
5889,101
5893,84
5897,101
5898,101
5901,101
5903,101
5905,101
5907,101
5909,101
5911,101
5915,40
5917,40
5918,37
5920,102
5921,40
5923,15
5924,116
5925,40
5926,102
5927,141
5928,40
5929,40
5933,38
5936,78
5938,40
5940,40
5941,40
5942,116
5944,40
5949,37
5952,40
5954,78
5955,115
5959,40
5965,40
5969,115
5971,37
5972,40
5973,141
5974,40
5975,103
5976,40
5978,37
5983,37
5984,40
5985,97
5986,103
5987,78
5989,78
5991,37
5993,37
5996,78
5998,78
5999,78
6001,103
6002,37
6005,11
6009,174
6010,11
6011,37
6012,78
6013,135
6014,102
6015,186
6016,78
6019,78
6029,150
6030,103
6032,103
6033,78
6036,11
6038,183
6045,113
6047,104
6048,115
6049,11
6050,99
6051,115
6054,184
6055,115
6056,194
6057,131
6062,99
6065,131
6067,150
6069,104
6071,115
6072,104
6073,131
6076,115
6077,113
6078,174
6084,104
6086,104
6087,150
6089,104
6090,115
6091,131
6092,115
6093,40
6098,105
6100,22
6101,105
6104,92
6105,4
6106,22
6107,105
6112,92
6113,105
6114,22
6115,105
6116,105
6119,105
6123,22
6125,105
6129,105
6136,105
6138,92
6141,105
6145,106
6147,184
6148,106
6150,106
6152,106
6153,106
6155,106
6157,90
6158,106
6159,55
6160,106
6161,106
6162,106
6163,106
6164,106
6165,143
6170,106
6173,106
6174,106
6176,72
6187,106
6192,106
6193,106
6195,106
6197,106
6198,106
6199,106
6200,106
6201,58
6202,106
6204,29
6205,107
6206,54
6207,108
6209,108
6210,107
6211,108
6212,54
6215,29
6217,29
6221,107
6222,107
6225,107
6226,107
6227,107
6229,107
6231,108
6232,107
6234,49
6236,29
6241,107
6244,107
6245,107
6252,107
6253,29
6254,75
6255,107
6259,107
6260,107
6262,107
6263,108
6266,108
6268,108
6269,108
6270,108
6272,108
6274,108
6276,108
6278,72
6279,108
6281,108
6282,108
6284,108
6286,108
6289,108
6293,108
6297,108
6298,143
6299,108
6300,108
6304,29
6307,108
6308,108
6310,107
6313,108
6314,108
6315,108
6317,108
6321,108
6322,108
6323,109
6324,155
6327,109
6329,109
6331,109
6332,109
6333,109
6334,109
6340,166
6341,109
6342,156
6343,172
6344,109
6346,109
6354,109
6355,109
6356,109
6359,109
6364,109
6367,109
6368,109
6369,109
6371,109
6374,109
6375,109
6376,109
6378,109
6379,109
6380,109
6382,109
6384,110
6385,194
6389,194
6396,194
6397,110
6398,110
6400,194
6401,110
6405,110
6406,110
6408,110
6409,110
6410,110
6412,110
6413,110
6415,110
6419,110
6420,110
6422,194
6424,110
6425,110
6426,110
6428,110
6430,194
6431,194
6432,194
6434,110
6437,110
6438,110
6442,113
6445,78
6449,112
6450,112
6451,112
6453,111
6454,112
6456,78
6459,111
6463,112
6466,85
6467,193
6468,166
6469,135
6472,166
6473,32
6474,112
6476,112
6482,78
6484,112
6485,112
6486,112
6487,112
6492,111
6493,111
6494,112
6495,112
6497,112
6498,112
6499,112
6501,112
6504,112
6505,112
6509,112
6511,112
6512,112
6516,112
6517,112
6519,78
6521,138
6522,135
6524,112
6525,112
6526,33
6527,112
6528,93
6530,112
6537,166
6541,112
6542,166
6545,112
6548,112
6549,112
6550,112
6551,112
6553,112
6554,93
6556,74
6557,112
6559,112
6561,112
6569,115
6571,113
6575,113
6576,113
6577,113
6578,113
6579,113
6581,113
6582,113
6583,113
6584,113
6589,113
6593,113
6594,113
6595,113
6596,113
6601,113
6602,113
6608,113
6609,113
6613,114
6615,114
6616,114
6618,166
6619,114
6620,114
6621,13
6624,114
6625,114
6626,114
6628,114
6630,166
6637,114
6640,114
6642,114
6643,114
6645,114
6646,114
6648,114
6650,114
6652,114
6653,160
6656,114
6657,166
6658,114
6660,114
6665,184
6670,114
6671,114
6672,114
6673,115
6677,148
6679,115
6684,115
6688,115
6689,115
6691,115
6692,115
6693,115
6695,115
6696,115
6701,115
6703,115
6704,131
6707,115
6708,115
6709,115
6711,132
6712,115
6713,115
6716,113
6717,115
6718,115
6719,116
6720,115
6722,115
6723,131
6724,115
6731,115
6733,116
6735,131
6737,116
6738,113
6740,132
6742,116
6744,116
6745,115
6746,116
6747,116
6748,116
6750,132
6755,116
6759,116
6760,15
6761,116
6762,116
6765,116
6766,130
6767,116
6769,116
6778,116
6780,113
6783,116
6784,116
6785,116
6788,116
6789,115
6790,132
6791,116
6793,115
6796,115
6797,115
6799,117
6800,115
6801,115
6802,117
6806,117
6807,113
6808,117
6812,115
6813,117
6814,117
6816,117
6824,113
6826,115
6827,115
6830,115
6831,74
6833,115
6836,115
6837,117
6839,132
6841,113
6842,117
6843,119
6844,115
6846,113
6850,117
6851,118
6852,118
6853,113
6855,118
6856,181
6859,193
6860,118
6862,116
6866,118
6867,118
6868,118
6870,130
6872,54
6875,118
6881,118
6883,118
6884,118
6888,116
6893,130
6894,148
6895,119
6897,118
6898,11
6901,118
6902,118
6903,118
6904,118
6906,118
6908,54
6910,118
6911,113
6912,113
6913,118
6917,118
6920,119
6921,132
6923,115
6924,115
6928,118
6931,119
6932,117
6936,119
6939,119
6940,119
6941,130
6942,119
6947,118
6948,119
6949,119
6951,132
6953,119
6954,131
6957,119
6960,115
6963,116
6964,119
6965,115
6966,119
6967,131
6970,120
6972,129
6973,120
6975,120
6976,120
6977,11
6978,127
6981,129
6982,120
6991,129
6992,120
6996,120
6997,129
6999,196
7000,129
7005,150
7007,120
7009,129
7010,150
7011,120
7012,131
7013,120
7015,194
7017,28
7018,120
7019,127
7020,150
7025,129
7026,149
7027,113
7030,121
7032,121
7033,121
7034,121
7036,113
7037,121
7040,115
7041,115
7043,113
7047,113
7048,123
7051,121
7054,121
7056,131
7058,15
7060,121
7061,113
7062,131
7064,132
7065,121
7067,121
7068,4
7069,113
7072,115
7073,113
7078,113
7081,115
7083,121
7085,121
7087,113
7091,131
7092,113
7094,131
7095,122
7096,122
7100,122
7102,127
7104,122
7105,131
7110,122
7112,118
7114,122
7115,115
7118,122
7119,122
7121,122
7122,113
7125,34
7126,194
7128,122
7130,124
7131,122
7133,122
7134,131
7135,131
7137,122
7138,122
7140,131
7148,118
7149,115
7150,113
7153,123
7155,113
7159,113
7160,124
7162,113
7165,113
7167,123
7169,113
7170,113
7172,124
7173,113
7174,113
7175,123
7176,113
7177,113
7181,113
7182,113
7183,124
7184,113
7189,113
7190,113
7192,113
7193,113
7196,115
7198,113
7199,113
7204,113
7206,113
7209,113
7210,124
7212,124
7213,124
7219,124
7222,124
7223,124
7224,124
7225,121
7226,124
7228,115
7233,124
7236,124
7237,124
7239,124
7240,124
7241,131
7242,124
7244,124
7246,124
7247,124
7249,124
7251,124
7252,124
7253,124
7255,124
7257,124
7261,124
7263,113
7266,124
7269,125
7271,123
7273,125
7277,194
7279,125
7280,194
7281,113
7282,194
7283,194
7284,125
7289,194
7291,150
7292,131
7293,113
7297,125
7299,131
7302,113
7303,183
7306,113
7309,125
7310,125
7311,131
7313,125
7314,113
7315,125
7317,150
7319,115
7321,194
7326,194
7329,124
7330,124
7331,126
7335,124
7338,126
7340,126
7341,126
7342,15
7344,126
7346,194
7347,115
7349,126
7350,126
7351,127
7352,126
7354,113
7355,126
7356,124
7357,126
7358,126
7361,126
7365,124
7369,124
7372,115
7374,126
7379,126
7383,124
7384,124
7385,115
7386,124
7387,113
7388,113
7389,131
7391,113
7394,127
7395,124
7396,131
7398,113
7400,127
7403,113
7404,127
7405,127
7408,127
7409,131
7413,127
7415,131
7418,113
7421,131
7422,113
7424,127
7425,115
7428,127
7431,113
7434,113
7436,127
7440,113
7441,113
7442,127
7443,115
7446,113
7447,128
7449,115
7450,128
7451,128
7452,128
7454,128
7457,115
7458,128
7463,148
7466,115
7470,131
7473,194
7475,128
7476,148
7477,128
7478,54
7479,128
7481,54
7483,128
7486,128
7487,115
7488,126
7492,194
7494,118
7497,128
7498,54
7500,128
7502,128
7505,115
7506,128
7507,129
7509,129
7510,127
7511,127
7512,127
7516,129
7518,135
7520,129
7521,129
7523,116
7526,131
7529,129
7531,131
7532,129
7533,131
7537,131
7538,131
7539,129
7540,129
7546,131
7548,127
7550,129
7552,129
7553,129
7557,129
7558,131
7559,129
7560,129
7562,129
7565,129
7573,131
7574,130
7576,116
7577,195
7580,117
7581,118
7582,118
7583,116
7586,130
7587,132
7588,130
7589,118
7591,48
7593,130
7596,130
7597,130
7601,118
7602,130
7603,15
7606,116
7607,132
7609,131
7611,132
7613,187
7614,115
7615,130
7620,130
7622,130
7623,130
7625,130
7629,131
7630,113
7631,131
7636,113
7637,131
7638,131
7640,131
7642,131
7644,131
7646,131
7647,131
7650,54
7651,115
7655,131
7659,131
7660,131
7661,115
7663,131
7667,115
7668,131
7669,113
7671,131
7672,113
7674,131
7675,131
7679,113
7680,131
7681,113
7683,113
7684,113
7689,132
7692,132
7693,132
7697,132
7701,132
7705,132
7709,132
7710,132
7712,132
7714,115
7715,132
7719,132
7720,132
7721,132
7722,132
7723,132
7724,147
7725,132
7727,132
7730,132
7733,132
7734,132
7735,132
7736,115
7737,132
7738,132
7739,132
7743,181
7745,132
7746,132
7747,148
7748,132
7749,118
7753,166
7754,132
7756,113
7757,132
7762,132
7768,193
7769,132
7771,118
7772,132
7775,132
7776,11
7777,132
7778,193
7781,148
7782,132
7783,132
7785,193
7786,133
7787,166
7793,132
7794,118
7796,132
7799,118
7801,133
7802,132
7805,132
7806,181
7807,134
7808,134
7809,134
7812,134
7813,134
7815,134
7819,14
7820,134
7822,134
7825,134
7829,134
7830,134
7836,134
7839,134
7841,134
7842,138
7849,134
7851,134
7852,134
7853,134
7856,134
7857,134
7858,134
7859,54
7860,134
7862,134
7863,134
7864,134
7865,134
7866,134
7874,135
7877,78
7879,78
7882,78
7884,137
7887,78
7888,135
7889,135
7891,78
7893,135
7894,72
7895,135
7897,135
7901,135
7903,72
7904,72
7906,135
7907,135
7908,135
7909,143
7913,135
7915,135
7917,135
7918,185
7919,72
7920,103
7922,78
7923,193
7924,135
7925,135
7926,136
7927,15
7928,136
7931,136
7932,136
7933,136
7942,136
7943,136
7944,136
7947,136
7949,136
7950,108
7951,136
7952,57
7953,136
7955,138
7956,136
7963,136
7965,136
7967,136
7970,136
7971,136
7973,136
7974,136
7975,136
7978,15
7980,136
7981,136
7984,136
7985,15
7986,136
7987,137
7989,69
7990,136
7991,197
7994,136
7996,136
7998,137
7999,136
8003,68
8005,15
8009,135
8011,136
8013,136
8015,137
8017,137
8021,137
8022,136
8025,137
8027,55
8028,137
8029,137
8030,136
8032,137
8033,72
8036,72
8037,72
8039,136
8040,72
8045,137
8049,138
8050,138
8051,138
8054,138
8056,138
8058,138
8059,138
8061,78
8063,138
8068,138
8069,138
8071,138
8072,138
8073,135
8077,138
8079,138
8080,78
8081,138
8082,160
8084,138
8086,138
8087,138
8088,138
8091,138
8093,138
8095,138
8097,138
8098,138
8100,138
8105,135
8106,139
8108,139
8109,140
8111,139
8118,139
8119,140
8122,139
8124,140
8126,140
8128,139
8130,139
8134,139
8135,140
8136,139
8137,139
8139,139
8140,139
8143,139
8148,139
8149,139
8150,139
8152,139
8154,139
8155,139
8156,139
8157,139
8159,139
8162,139
8164,139
8165,139
8166,140
8168,140
8171,140
8173,140
8174,140
8175,140
8176,140
8182,140
8184,140
8185,140
8186,140
8188,140
8189,140
8190,140
8195,140
8196,140
8197,140
8199,140
8200,140
8204,140
8207,140
8210,56
8213,140
8215,140
8216,140
8220,140
8222,140
8223,139
8224,140
8225,140
8227,144
8228,141
8232,143
8234,141
8235,141
8238,141
8242,141
8243,141
8244,141
8246,141
8248,141
8249,141
8252,143
8253,141
8254,144
8257,17
8260,141
8261,141
8262,141
8266,141
8268,141
8270,141
8272,141
8273,141
8275,141
8277,141
8278,141
8282,141
8283,141
8284,94
8285,78
8293,72
8296,72
8298,141
8300,142
8304,141
8307,142
8308,44
8310,174
8311,142
8313,142
8314,144
8315,141
8316,72
8317,106
8318,142
8319,141
8320,11
8325,143
8326,63
8327,44
8328,72
8330,86
8331,49
8332,143
8333,142
8334,78
8338,144
8342,61
8345,147
8346,124
8347,143
8348,141
8349,143
8351,144
8352,144
8353,143
8356,143
8357,145
8359,146
8360,144
8362,143
8364,143
8365,145
8367,146
8372,143
8375,144
8380,143
8382,145
8383,141
8386,141
8387,144
8388,185
8389,144
8393,143
8395,144
8396,143
8397,143
8399,144
8404,141
8412,141
8414,144
8417,141
8418,141
8420,141
8421,144
8423,144
8424,146
8425,144
8426,141
8428,146
8432,146
8433,146
8434,141
8438,146
8439,141
8440,146
8442,72
8443,141
8444,144
8446,146
8447,146
8448,146
8451,141
8454,141
8455,141
8457,141
8461,144
8463,146
8464,147
8465,144
8467,144
8468,141
8469,145
8474,64
8475,145
8476,144
8477,143
8478,145
8481,143
8485,147
8487,61
8488,145
8489,53
8490,82
8492,143
8493,147
8495,61
8497,143
8501,146
8503,145
8504,144
8505,143
8506,143
8507,141
8508,61
8509,147
8511,143
8519,141
8524,146
8525,146
8528,78
8529,146
8530,143
8531,146
8535,44
8537,141
8538,141
8539,141
8541,146
8542,147
8546,143
8547,141
8552,141
8554,147
8555,146
8558,141
8560,61
8561,141
8563,147
8565,141
8571,141
8573,146
8575,141
8577,112
8578,146
8580,146
8581,144
8582,146
8586,146
8590,146
8591,146
8593,147
8594,147
8595,146
8596,147
8600,147
8601,141
8604,147
8608,141
8610,146
8611,147
8613,147
8617,141
8618,145
8619,147
8620,147
8622,146
8623,147
8624,147
8627,147
8628,144
8629,147
8630,147
8631,147
8633,146
8634,144
8639,146
8640,147
8644,148
8645,33
8649,148
8651,148
8652,148
8654,148
8655,148
8658,148
8659,148
8660,148
8664,148
8665,148
8667,148
8669,148
8672,148
8675,148
8678,148
8680,148
8682,148
8684,148
8686,148
8690,148
8691,148
8692,148
8693,173
8694,148
8695,148
8696,148
8697,148
8699,148
8705,194
8706,149
8709,149
8712,149
8713,149
8715,149
8719,149
8720,149
8722,150
8723,149
8726,149
8727,194
8729,149
8735,194
8737,149
8739,149
8740,149
8741,194
8742,149
8743,149
8747,149
8748,49
8749,194
8752,149
8753,149
8757,150
8758,194
8760,194
8762,149
8763,150
8768,150
8771,194
8775,150
8776,150
8777,150
8778,150
8779,194
8780,150
8783,150
8784,150
8785,150
8788,150
8789,64
8791,150
8793,150
8795,150
8796,150
8797,150
8802,150
8803,150
8807,150
8808,194
8809,150
8811,150
8812,150
8817,150
8818,194
8821,150
8822,150
8825,151
8826,151
8827,151
8834,151
8840,151
8841,151
8844,151
8846,151
8849,151
8850,151
8854,151
8856,151
8857,151
8858,157
8859,151
8862,151
8864,151
8865,151
8867,151
8872,151
8873,151
8874,19
8876,157
8879,156
8880,172
8882,151
8883,156
8887,172
8888,156
8890,156
8891,156
8892,157
8895,166
8897,178
8898,157
8899,157
8900,153
8904,156
8905,156
8906,157
8909,157
8910,172
8919,156
8920,151
8921,157
8922,156
8923,157
8926,153
8930,157
8931,152
8932,172
8934,153
8936,153
8937,153
8939,153
8940,153
8942,32
8945,153
8946,153
8950,178
8952,153
8956,181
8959,153
8960,153
8965,153
8967,178
8968,153
8969,153
8971,153
8973,153
8976,153
8978,153
8979,157
8980,153
8981,153
8984,153
8986,153
8988,153
8990,153
8992,153
8993,154
8994,153
8995,153
8996,153
8998,154
8999,181
9001,154
9003,154
9004,176
9007,154
9008,154
9009,154
9010,154
9011,154
9013,154
9015,78
9016,179
9025,154
9026,85
9033,154
9034,154
9038,157
9044,154
9045,154
9046,154
9047,154
9048,141
9049,154
9050,178
9052,31
9053,155
9054,155
9056,153
9057,154
9061,181
9064,155
9066,153
9069,153
9071,155
9072,155
9073,155
9075,179
9077,155
9079,32
9081,153
9082,155
9084,155
9085,155
9088,155
9095,157
9096,155
9097,115
9098,155
9099,153
9102,154
9103,155
9108,93
9109,155
9110,155
9111,155
9113,156
9114,156
9121,156
9124,156
9127,156
9128,156
9130,156
9131,156
9132,156
9133,156
9135,156
9136,156
9137,156
9139,156
9140,156
9141,157
9147,156
9148,156
9149,156
9151,156
9152,156
9153,156
9155,156
9159,156
9165,156
9168,156
9169,168
9170,156
9171,156
9172,157
9173,172
9174,157
9175,157
9176,157
9177,157
9179,176
9180,156
9181,180
9182,156
9183,177
9186,157
9187,157
9188,157
9194,157
9195,47
9196,157
9198,157
9201,99
9205,157
9208,157
9213,157
9215,157
9216,32
9217,157
9219,156
9222,157
9229,165
9230,55
9231,156
9233,37
9238,158
9239,118
9240,97
9243,158
9245,165
9246,130
9248,15
9249,15
9250,56
9252,197
9254,158
9257,157
9258,22
9259,32
9260,157
9262,158
9264,32
9266,158
9267,15
9268,158
9270,158
9272,158
9276,69
9278,15
9279,158
9280,158
9282,158
9285,97
9289,158
9294,159
9296,159
9297,159
9298,81
9301,159
9303,159
9306,69
9309,159
9310,159
9312,159
9316,159
9319,81
9320,159
9321,160
9323,159
9325,159
9327,159
9329,81
9330,159
9333,159
9334,159
9338,159
9339,159
9341,113
9343,28
9344,159
9346,159
9347,28
9348,81
9349,81
9352,160
9353,160
9355,160
9356,160
9362,160
9363,160
9366,160
9368,160
9370,160
9375,160
9377,160
9378,160
9379,108
9380,141
9383,160
9384,160
9385,160
9389,138
9390,160
9392,57
9395,74
9396,160
9397,160
9398,57
9399,160
9401,160
9403,160
9407,160
9410,21
9412,161
9413,176
9416,161
9418,156
9419,161
9420,161
9422,161
9426,176
9428,161
9431,161
9433,161
9435,161
9436,161
9439,161
9440,161
9443,176
9448,161
9449,161
9451,161
9452,161
9453,161
9455,161
9456,161
9457,161
9459,161
9462,161
9463,55
9466,166
9467,161
9470,161
9471,162
9472,194
9473,162
9475,162
9476,162
9479,162
9482,162
9486,156
9487,154
9489,43
9490,176
9492,162
9493,162
9494,162
9495,162
9498,162
9500,162
9504,162
9505,162
9507,162
9509,168
9510,156
9514,162
9518,168
9520,20
9523,168
9524,162
9527,168
9528,162
9529,168
9533,176
9534,176
9535,124
9537,182
9539,176
9541,182
9542,124
9547,176
9548,164
9549,166
9550,176
9552,176
9554,194
9555,176
9556,180
9558,176
9560,176
9561,176
9564,175
9566,162
9567,161
9569,176
9571,176
9573,180
9577,124
9580,55
9584,176
9586,176
9587,176
9588,176
9591,164
9593,164
9595,164
9597,164
9598,138
9599,74
9600,164
9602,164
9604,164
9606,164
9610,164
9611,164
9613,164
9614,164
9615,164
9618,15
9619,19
9623,164
9628,164
9631,164
9633,164
9634,164
9636,164
9637,15
9640,184
9641,164
9643,164
9645,164
9648,164
9649,164
9652,165
9654,165
9655,165
9658,165
9659,165
9661,11
9662,165
9663,165
9667,165
9668,165
9669,165
9673,165
9676,165
9678,165
9683,165
9684,165
9686,165
9687,165
9688,165
9689,165
9690,81
9692,165
9696,165
9697,165
9698,165
9699,165
9702,165
9705,162
9706,166
9708,176
9711,148
9714,166
9716,166
9717,166
9718,166
9720,166
9722,166
9727,166
9728,166
9730,166
9732,166
9733,166
9737,166
9738,166
9739,166
9742,166
9743,166
9744,166
9752,166
9754,166
9755,166
9756,166
9758,166
9759,166
9761,166
9763,166
9766,166
9767,161
9768,161
9771,167
9772,167
9773,157
9775,167
9776,167
9777,180
9778,177
9782,167
9785,167
9787,167
9789,168
9790,75
9791,167
9795,167
9796,167
9798,180
9800,167
9802,167
9803,182
9805,161
9807,167
9809,172
9813,167
9816,167
9817,167
9818,180
9819,167
9820,173
9821,167
9823,167
9830,168
9832,168
9835,168
9836,161
9837,168
9838,176
9842,168
9843,168
9845,168
9847,168
9848,168
9849,168
9851,168
9854,168
9856,168
9860,168
9863,168
9865,168
9866,168
9868,168
9870,172
9872,168
9873,168
9876,168
9877,168
9879,168
9883,168
9885,168
9887,168
9889,169
9891,169
9892,153
9894,162
9897,162
9900,169
9903,176
9904,166
9905,169
9907,169
9908,169
9911,166
9913,169
9914,98
9915,169
9917,166
9918,169
9919,172
9920,166
9921,88
9922,169
9925,169
9927,169
9931,98
9932,166
9934,169
9942,169
9943,172
9945,166
9949,170
9952,160
9957,170
9958,170
9959,166
9961,170
9971,157
9972,15
9976,170
9978,166
9980,170
9981,170
9982,166
9983,170
9984,4
9985,97
9986,99
9987,170
9989,182
9990,170
9991,170
9992,176
9993,170
9996,4
9997,170
9998,170
9999,170
10000,170
10006,161
10007,170
10010,162
10011,171
10017,171
10021,171
10022,166
10024,131
10028,166
10029,171
10030,135
10031,99
10032,99
10033,171
10035,171
10037,131
10039,115
10041,150
10042,171
10044,171
10047,131
10048,174
10052,150
10054,132
10055,11
10056,168
10057,73
10058,131
10059,166
10062,171
10064,171
10065,171
10068,166
10069,172
10070,172
10077,172
10079,172
10080,172
10081,172
10082,172
10084,172
10088,172
10089,172
10090,172
10091,172
10092,172
10093,172
10094,172
10095,172
10096,172
10098,172
10100,172
10105,172
10109,172
10110,156
10112,172
10115,172
10116,172
10118,172
10121,172
10122,172
10127,172
10130,153
10131,173
10133,176
10135,37
10136,173
10137,157
10138,173
10139,156
10141,172
10142,173
10145,173
10147,182
10150,179
10151,176
10154,173
10161,173
10163,173
10164,173
10167,176
10172,173
10173,172
10174,173
10175,175
10176,11
10177,176
10178,91
10181,157
10182,173
10185,19
10187,157
10188,162
10192,174
10193,174
10195,174
10196,176
10198,174
10201,174
10205,174
10206,174
10210,174
10211,176
10216,174
10217,174
10218,174
10219,174
10221,115
10222,174
10224,78
10226,183
10228,174
10229,174
10231,174
10232,174
10233,174
10234,174
10235,174
10238,174
10239,174
10241,174
10242,175
10251,175
10253,175
10254,43
10256,175
10257,175
10258,180
10259,38
10261,157
10268,175
10272,175
10274,156
10276,175
10279,175
10282,121
10285,156
10286,175
10288,182
10289,175
10290,175
10292,175
10293,175
10294,175
10295,175
10296,176
10297,175
10298,175
10299,175
10301,182
10302,175
10307,175
10308,176
10310,182
10312,176
10313,176
10316,176
10317,176
10318,176
10320,176
10323,176
10325,176
10327,176
10329,176
10332,176
10334,176
10337,176
10338,176
10339,176
10341,176
10342,176
10343,176
10351,176
10352,176
10355,176
10356,176
10358,176
10359,176
10361,176
10364,176
10366,176
10367,174
10369,177
10371,177
10374,177
10377,177
10380,177
10381,180
10383,177
10384,177
10385,177
10386,177
10387,180
10389,180
10390,177
10391,180
10392,177
10393,177
10396,177
10399,177
10400,177
10401,177
10408,177
10412,177
10415,180
10417,177
10419,177
10421,177
10422,177
10423,161
10425,177
10427,177
10431,178
10432,32
10434,178
10438,178
10439,178
10442,132
10443,178
10445,178
10447,195
10449,178
10450,178
10453,178
10454,178
10456,33
10463,176
10464,178
10465,178
10468,178
10471,178
10472,178
10473,178
10475,178
10477,178
10478,178
10480,178
10482,178
10485,182
10488,153
10489,161
10490,157
10493,179
10494,157
10496,15
10499,153
10500,157
10501,173
10504,157
10505,153
10506,179
10514,173
10515,179
10517,179
10519,174
10520,157
10521,182
10522,149
10525,173
10528,173
10529,49
10532,155
10534,157
10535,157
10536,157
10537,165
10538,173
10543,177
10546,180
10547,180
10548,47
10549,177
10551,180
10554,180
10557,180
10563,180
10565,180
10567,180
10568,180
10569,180
10570,180
10572,180
10576,180
10577,180
10578,180
10581,180
10584,180
10585,180
10587,180
10588,180
10591,182
10592,180
10594,180
10596,173
10597,180
10600,180
10601,173
10604,181
10608,99
10610,181
10611,181
10615,181
10616,181
10618,181
10619,181
10621,181
10623,181
10625,181
10627,181
10629,181
10631,181
10635,181
10637,181
10639,181
10641,181
10642,181
10644,181
10646,181
10647,181
10649,181
10650,181
10652,181
10653,181
10654,181
10655,181
10661,181
10662,180
10664,175
10666,182
10667,182
10668,182
10669,182
10671,182
10672,182
10673,182
10675,182
10678,182
10679,182
10680,182
10684,182
10685,182
10688,182
10689,182
10695,182
10697,182
10699,182
10703,182
10705,182
10706,180
10707,182
10712,182
10713,182
10714,182
10719,182
10720,182
10721,182
10722,183
10725,183
10726,183
10729,184
10730,183
10732,183
10733,183
10736,183
10737,183
10740,183
10742,183
10744,183
10745,183
10746,183
10748,184
10749,183
10751,183
10752,183
10754,183
10755,183
10759,184
10762,184
10768,183
10769,183
10770,184
10773,183
10775,183
10778,183
10779,184
10780,183
10782,184
10784,184
10786,184
10787,184
10793,183
10797,184
10798,184
10804,184
10806,184
10807,184
10809,184
10810,183
10811,184
10812,184
10815,184
10816,184
10819,183
10824,184
10825,184
10826,184
10827,184
10828,184
10829,184
10831,184
10833,184
10835,184
10837,129
10838,184
10839,183
10840,184
10844,185
10845,185
10846,185
10847,185
10848,185
10856,185
10857,185
10858,185
10860,73
10861,185
10862,185
10864,185
10865,185
10866,185
10868,185
10869,185
10872,185
10875,185
10876,185
10879,185
10881,185
10882,185
10883,185
10886,186
10887,185
10889,186
10891,185
10892,185
10898,185
10900,185
10902,186
10903,186
10906,186
10908,186
10910,186
10911,186
10912,186
10915,186
10916,185
10917,186
10919,185
10921,186
10922,186
10923,186
10925,186
10927,186
10928,112
10929,186
10930,186
10935,186
10936,186
10937,186
10938,186
10942,186
10945,186
10947,186
10949,186
10951,186
10952,185
10955,186
10962,187
10963,187
10970,187
10971,187
10973,187
10974,194
10976,81
10981,187
10984,187
10985,187
10986,187
10987,187
10990,105
10993,187
10998,187
11002,108
11004,187
11005,187
11010,187
11011,187
11012,188
11016,188
11017,188
11026,188
11027,188
11028,188
11029,188
11031,188
11032,188
11033,188
11035,188
11039,188
11040,188
11041,188
11042,188
11043,188
11046,188
11048,188
11049,188
11051,188
11052,188
11053,188
11055,188
11058,188
11062,188
11063,188
11064,188
11066,188
11068,188
11070,188
11077,189
11078,189
11079,189
11080,189
11081,189
11085,189
11091,189
11094,189
11097,189
11098,189
11100,189
11102,189
11103,189
11104,189
11105,189
11110,189
11111,189
11114,189
11115,189
11117,189
11118,189
11119,189
11122,189
11123,189
11124,189
11125,189
11126,189
11128,189
11130,189
11131,189
11133,190
11136,190
11137,190
11138,190
11140,190
11141,189
11142,190
11144,190
11145,190
11150,190
11152,190
11160,190
11161,190
11163,187
11164,190
11165,190
11167,192
11168,190
11169,190
11170,187
11171,190
11172,190
11175,190
11176,190
11180,190
11182,190
11184,190
11186,190
11187,190
11190,44
11191,191
11192,191
11194,191
11197,191
11200,191
11201,191
11202,191
11203,191
11204,191
11205,108
11207,191
11208,189
11209,191
11212,191
11213,191
11217,191
11222,191
11223,191
11225,191
11227,189
11230,191
11231,191
11234,191
11239,191
11241,191
11245,191
11246,189
11247,191
11249,191
11250,192
11253,192
11255,192
11257,192
11258,192
11259,192
11260,192
11262,192
11263,192
11266,192
11267,192
11270,192
11273,192
11274,192
11275,192
11278,192
11281,192
11282,192
11284,192
11285,192
11287,192
11288,192
11290,188
11296,192
11297,192
11298,192
11301,192
11305,28
11307,192
11308,192
11310,193
11311,11
11312,181
11314,193
11315,193
11318,193
11320,193
11321,193
11325,193
11327,193
11329,178
11331,115
11334,178
11335,193
11336,193
11337,193
11338,178
11340,194
11343,193
11344,33
11346,193
11348,193
11349,72
11352,193
11353,118
11357,118
11361,178
11362,64
11365,166
11368,178
11370,194
11371,194
11372,194
11373,81
11374,194
11377,194
11378,194
11379,194
11380,194
11381,194
11384,194
11388,194
11389,194
11393,194
11395,194
11398,194
11399,92
11400,194
11402,194
11404,194
11409,194
11410,194
11413,194
11415,194
11417,194
11418,194
11419,194
11420,194
11422,194
11427,194
11430,195
11432,197
11434,194
11437,195
11438,193
11442,193
11444,194
11445,195
11449,195
11450,135
11453,195
11454,194
11457,194
11458,195
11459,195
11461,189
11462,195
11463,195
11467,195
11469,195
11470,72
11472,195
11476,72
11477,195
11478,195
11481,194
11482,195
11483,195
11486,195
11488,195
11494,197
11495,22
11496,196
11497,194
11499,196
11501,196
11502,193
11503,196
11504,11
11505,105
11513,184
11514,198
11515,196
11519,196
11520,11
11521,22
11523,196
11525,37
11526,115
11527,194
11528,196
11531,196
11534,196
11537,178
11538,196
11539,196
11541,196
11543,194
11544,135
11547,197
11549,198
11550,193
11551,197
11559,197
11562,181
11563,115
11564,197
11566,197
11567,197
11568,194
11570,197
11571,196
11574,197
11575,194
11576,197
11577,197
11578,197
11581,193
11583,197
11586,197
11587,195
11588,197
11592,197
11593,197
11595,197
11597,193
11600,197
11602,197
11603,153
11608,69
11609,194
11611,115
11615,93
11618,92
11620,198
11625,198
11628,198
11629,198
11630,69
11631,198
11632,198
11637,198
11638,178
11639,198
11641,198
11644,198
11645,194
11646,198
11648,198
11649,198
11650,60
11651,15
11653,194
11654,198
11656,153
11658,115
11659,148
11661,196
11662,198
11665,194
11670,22
11672,199
11673,194
11674,199
11675,199
11676,199
11678,11
11679,22
11680,194
11683,196
11684,194
11687,194
11689,193
11692,199
11693,196
11695,193
11699,194
11700,199
11701,194
11704,196
11707,196
11709,199
11711,22
11712,72
11713,11
11714,72
11720,199
11723,157
11725,199
11727,22
11729,20
11730,200
11733,168
11735,200
11737,200
11740,200
11741,200
11742,200
11744,200
11745,55
11747,200
11749,200
11751,200
11756,200
11757,200
11761,178
11764,172
11766,200
11768,200
11769,12
11771,200
11773,200
11775,200
11777,200
11779,200
11780,200
11783,200
11785,200
11786,200
11788,200
