Id,Category
1,2
3,1
6,1
10,3
12,1
13,62
14,1
16,1
17,1
19,1
22,1
24,1
25,1
26,1
27,1
28,3
29,1
33,1
34,1
38,1
39,1
44,1
45,1
47,25
48,1
50,1
52,44
54,1
57,1
59,1
61,1
63,2
65,2
68,2
70,3
71,66
76,2
79,2
82,62
83,2
85,2
87,45
88,86
90,66
91,2
92,2
93,2
94,66
95,143
98,2
100,2
101,1
103,2
106,2
107,2
108,2
112,2
114,1
118,2
119,66
126,84
129,84
130,3
132,3
133,3
134,3
135,3
139,84
144,61
146,3
147,3
149,3
150,3
154,3
155,3
156,45
157,1
161,1
162,45
163,3
165,3
167,3
169,3
170,142
171,3
173,3
175,3
178,3
179,4
180,4
183,21
185,4
186,30
190,107
191,4
192,4
193,4
198,4
199,4
200,4
201,4
205,4
207,4
208,4
210,4
211,4
212,4
214,4
217,4
219,4
223,4
226,4
229,4
231,30
233,4
234,4
236,4
237,4
239,5
240,5
244,8
246,5
251,5
252,5
255,5
259,5
260,5
265,5
271,25
277,5
279,5
282,5
286,6
292,6
298,7
300,6
304,6
308,6
309,6
311,187
312,6
314,6
315,6
325,7
329,7
330,7
337,7
340,7
343,7
344,6
346,7
348,7
350,7
351,7
352,7
354,7
356,7
357,7
360,7
363,7
365,7
369,7
370,6
371,7
372,7
373,7
381,8
382,23
383,8
384,142
386,8
387,5
389,8
391,8
394,8
405,8
407,58
408,8
410,187
412,61
419,8
420,25
422,8
424,8
425,27
430,9
434,9
435,9
438,49
439,30
440,11
442,49
443,134
445,27
447,9
448,9
449,9
450,9
451,9
453,9
454,49
455,11
457,9
458,9
459,27
462,9
463,9
468,11
472,11
473,9
475,9
480,9
483,9
487,10
488,9
492,10
493,10
494,10
498,10
499,10
501,10
503,10
506,29
508,10
509,4
510,29
512,10
513,10
514,34
516,10
517,10
519,10
521,10
522,30
525,10
526,10
528,10
532,10
534,10
536,10
538,10
540,10
543,10
546,27
548,11
550,11
551,107
553,9
556,26
558,11
560,11
563,6
565,11
567,30
569,11
571,29
572,11
573,11
578,11
579,27
580,9
582,9
583,107
584,11
585,27
586,139
589,11
590,49
592,76
594,9
597,26
602,105
603,11
604,12
608,12
609,12
610,12
615,12
616,12
618,55
622,12
623,12
624,12
627,12
632,10
634,12
637,12
638,12
640,12
643,12
644,12
646,12
649,12
650,12
651,12
654,12
656,12
658,12
659,12
661,13
664,181
665,13
673,13
674,13
675,13
676,13
679,13
681,13
683,13
684,13
686,13
687,13
688,13
689,13
692,178
695,13
696,13
697,13
698,13
700,13
703,13
704,13
705,13
707,13
708,13
709,13
711,13
714,13
718,13
721,14
723,14
724,14
726,14
728,14
731,54
737,14
738,54
739,54
742,14
743,134
745,14
749,14
750,14
752,14
753,14
757,14
759,14
761,14
763,54
764,14
765,14
766,14
767,14
771,14
772,14
773,14
774,14
777,54
779,14
783,15
785,15
786,15
787,15
795,15
796,15
797,15
799,15
800,15
802,15
803,15
804,15
805,15
808,15
809,15
811,54
815,54
817,15
820,15
821,15
824,137
825,15
826,15
827,15
830,15
831,15
832,15
837,15
838,16
839,16
840,16
842,16
844,16
846,16
847,16
848,16
849,43
850,16
851,16
852,16
854,16
858,16
866,16
868,16
869,16
876,16
878,16
880,16
882,16
883,16
885,16
886,16
887,16
890,16
892,173
893,16
896,17
897,17
899,17
901,17
903,17
904,17
905,17
908,17
909,140
911,17
913,17
914,17
915,35
919,17
921,56
924,17
930,17
932,17
933,118
936,17
938,17
940,17
942,17
944,17
945,17
948,17
949,17
953,18
958,18
961,18
962,18
968,18
969,18
971,18
973,18
976,18
977,18
978,18
983,18
993,18
996,18
997,18
998,19
999,19
1001,19
1003,19
1005,19
1006,19
1009,19
1011,107
1012,19
1013,14
1014,19
1016,148
1018,19
1021,19
1025,19
1028,19
1030,19
1031,19
1033,19
1035,19
1036,19
1038,19
1041,19
1043,170
1044,19
1046,27
1047,19
1050,19
1054,19
1057,20
1061,20
1062,8
1063,161
1064,20
1066,176
1068,20
1070,20
1071,96
1072,20
1075,20
1076,20
1077,20
1081,20
1082,161
1084,179
1086,20
1089,20
1090,20
1092,20
1095,20
1096,20
1097,20
1099,20
1102,161
1104,20
1105,20
1108,170
1109,178
1116,21
1117,21
1118,21
1119,21
1127,21
1128,109
1131,57
1132,149
1133,21
1136,21
1137,21
1138,21
1142,21
1143,21
1144,21
1148,21
1150,21
1153,21
1154,21
1158,21
1159,21
1160,76
1161,21
1162,21
1164,21
1168,21
1169,119
1170,97
1172,21
1174,21
1176,22
1177,22
1178,22
1179,92
1180,22
1182,22
1183,22
1190,105
1192,105
1193,22
1195,22
1199,22
1200,22
1206,22
1209,22
1211,22
1212,22
1215,22
1216,105
1217,92
1218,22
1220,22
1223,22
1225,22
1226,92
1230,105
1234,199
1235,23
1237,45
1240,25
1243,23
1244,23
1247,25
1249,23
1254,72
1255,58
1257,23
1258,23
1261,23
1262,23
1264,23
1265,23
1266,23
1267,23
1268,23
1269,23
1271,23
1272,23
1273,23
1275,25
1281,23
1283,25
1284,83
1285,23
1289,29
1292,44
1293,24
1295,25
1297,25
1301,24
1304,24
1305,24
1306,24
1313,24
1315,23
1316,24
1317,24
1319,24
1321,24
1323,24
1325,24
1330,23
1333,24
1335,25
1339,137
1341,24
1342,24
1345,25
1347,90
1348,23
1350,25
1351,25
1352,23
1356,72
1359,24
1364,25
1367,25
1371,25
1372,23
1373,25
1376,23
1379,23
1382,25
1385,23
1386,23
1387,25
1388,25
1390,23
1391,23
1392,25
1393,44
1394,25
1395,23
1396,25
1397,25
1399,25
1400,25
1409,29
1410,9
1411,30
1412,26
1413,26
1416,27
1419,26
1421,9
1422,26
1423,26
1424,26
1425,26
1427,27
1430,26
1431,134
1432,128
1433,27
1434,27
1435,26
1437,26
1442,26
1443,26
1446,30
1448,134
1449,30
1450,27
1451,27
1454,26
1457,10
1462,8
1463,30
1467,11
1471,29
1473,107
1477,27
1478,30
1479,49
1480,49
1481,27
1482,49
1483,49
1485,27
1487,26
1490,11
1492,49
1494,34
1495,9
1496,9
1497,29
1498,49
1502,49
1503,11
1506,11
1507,30
1513,11
1517,30
1518,30
1520,30
1521,29
1522,27
1524,28
1525,28
1526,190
1529,114
1531,28
1534,28
1536,28
1538,28
1539,28
1542,28
1545,28
1546,28
1550,28
1551,28
1553,28
1555,28
1556,28
1558,28
1559,28
1560,28
1561,28
1563,28
1566,28
1568,28
1570,28
1575,28
1576,28
1577,28
1580,28
1583,29
1593,107
1594,107
1596,29
1597,29
1600,27
1602,29
1605,29
1606,30
1607,29
1609,29
1610,30
1611,29
1612,107
1613,107
1614,4
1615,29
1616,29
1618,29
1625,29
1626,29
1627,30
1628,29
1629,30
1630,30
1631,9
1633,107
1634,30
1636,30
1640,107
1643,30
1644,29
1646,30
1648,49
1649,30
1651,30
1652,29
1655,30
1656,30
1659,29
1660,29
1661,29
1662,27
1664,30
1665,107
1666,29
1667,30
1673,29
1678,25
1679,107
1682,30
1683,27
1692,27
1693,107
1694,29
1695,9
1696,9
1697,29
1698,29
1700,29
1702,31
1705,31
1708,31
1710,31
1712,33
1713,135
1715,31
1718,31
1719,31
1722,33
1723,33
1725,31
1728,31
1729,33
1730,31
1733,31
1736,31
1737,31
1738,32
1739,31
1743,33
1745,135
1746,135
1748,31
1750,31
1753,31
1755,31
1756,31
1760,31
1761,31
1768,149
1771,32
1776,137
1777,32
1780,32
1782,41
1783,71
1784,31
1785,20
1786,33
1788,32
1791,78
1793,32
1796,74
1797,151
1798,32
1799,32
1800,32
1804,32
1805,40
1807,33
1811,33
1814,31
1816,32
1819,33
1822,33
1826,31
1828,33
1829,31
1832,33
1836,31
1838,178
1840,33
1843,32
1844,154
1845,74
1846,33
1847,31
1848,41
1851,31
1853,155
1856,179
1857,31
1859,31
1861,33
1862,31
1865,143
1866,33
1867,33
1869,31
1871,32
1873,32
1874,34
1876,34
1882,34
1884,137
1885,34
1887,34
1888,34
1890,34
1891,34
1893,34
1894,34
1896,34
1900,34
1901,34
1902,34
1906,34
1908,34
1909,34
1910,34
1913,34
1915,34
1916,34
1917,34
1919,34
1924,34
1925,104
1926,34
1927,34
1931,34
1935,35
1937,35
1939,35
1940,35
1942,35
1943,35
1944,35
1946,140
1947,35
1948,35
1950,35
1956,35
1958,140
1959,35
1960,35
1962,35
1964,35
1965,35
1966,35
1967,35
1968,35
1969,35
1976,35
1980,35
1983,35
1984,35
1985,35
1986,35
1987,35
1989,35
1993,36
1995,36
1996,36
1997,36
1999,36
2000,36
2004,36
2005,36
2006,36
2008,36
2010,36
2014,36
2015,36
2016,190
2020,36
2021,36
2024,36
2027,36
2029,36
2030,36
2031,189
2032,36
2035,36
2037,36
2039,36
2040,36
2043,36
2048,36
2049,36
2051,36
2057,179
2059,43
2060,43
2062,37
2063,43
2064,43
2067,43
2070,39
2072,37
2073,155
2074,37
2075,37
2076,43
2077,37
2081,103
2084,37
2086,37
2091,43
2092,37
2093,39
2096,37
2098,43
2100,43
2101,103
2104,39
2107,37
2108,43
2109,43
2111,39
2112,38
2119,38
2120,38
2123,38
2126,154
2127,38
2128,103
2129,38
2131,172
2132,38
2134,78
2135,39
2139,103
2141,102
2142,102
2143,154
2145,40
2146,154
2148,38
2150,38
2153,38
2156,38
2158,38
2160,38
2162,38
2163,148
2164,38
2168,77
2170,38
2171,38
2179,39
2180,43
2183,155
2184,43
2186,40
2188,115
2189,103
2190,135
2193,103
2194,37
2195,43
2200,43
2201,37
2203,103
2204,152
2206,37
2207,40
2209,178
2211,37
2212,103
2213,197
2216,37
2218,43
2219,37
2222,43
2223,39
2226,39
2229,91
2230,39
2231,79
2234,103
2236,40
2239,103
2242,129
2244,40
2249,40
2250,78
2252,67
2256,85
2257,40
2258,40
2260,40
2264,103
2265,40
2268,40
2269,40
2273,40
2274,40
2276,40
2278,40
2280,40
2281,171
2282,40
2283,102
2284,40
2285,78
2287,40
2288,112
2290,128
2292,41
2293,40
2294,41
2295,41
2297,41
2298,77
2300,41
2302,41
2303,41
2305,41
2306,41
2307,41
2308,41
2310,41
2312,41
2315,41
2316,41
2318,143
2319,41
2321,41
2322,41
2327,41
2328,147
2329,41
2330,137
2331,41
2336,41
2338,41
2341,111
2348,41
2351,42
2355,42
2357,42
2358,42
2360,42
2361,42
2362,42
2363,42
2365,42
2366,42
2367,42
2368,139
2370,42
2371,139
2374,42
2376,17
2377,42
2379,42
2380,42
2381,42
2382,42
2389,17
2390,42
2393,42
2394,42
2399,42
2400,42
2404,42
2409,42
2410,42
2411,156
2412,43
2413,39
2415,43
2418,43
2421,103
2423,43
2427,37
2430,43
2431,172
2434,43
2435,43
2436,43
2437,179
2438,43
2442,37
2444,43
2445,37
2450,43
2452,39
2453,37
2454,77
2456,182
2457,43
2459,43
2463,43
2464,43
2466,43
2468,153
2470,44
2472,44
2473,79
2474,44
2475,44
2476,44
2481,71
2482,72
2483,44
2485,44
2488,44
2489,44
2491,44
2492,44
2493,44
2494,44
2495,71
2496,44
2497,44
2498,44
2499,44
2500,44
2503,44
2505,44
2507,44
2508,41
2511,100
2514,44
2520,44
2525,71
2531,45
2532,45
2538,45
2540,45
2541,45
2547,45
2548,45
2549,41
2551,45
2552,45
2553,45
2556,3
2557,45
2559,45
2561,142
2569,45
2570,45
2571,45
2572,45
2574,45
2575,45
2577,45
2578,45
2579,45
2580,41
2581,2
2582,45
2583,45
2588,45
2589,45
2590,46
2592,46
2594,46
2596,87
2599,46
2600,142
2603,46
2604,46
2606,46
2607,61
2609,46
2610,46
2611,46
2613,46
2614,46
2617,46
2618,46
2619,46
2622,46
2624,46
2627,46
2628,46
2630,46
2631,46
2632,86
2633,46
2636,46
2640,46
2648,46
2649,46
2650,182
2652,47
2653,47
2655,47
2657,47
2658,47
2660,47
2662,47
2669,182
2670,47
2671,47
2673,47
2674,47
2675,98
2676,47
2677,47
2678,47
2680,182
2681,47
2685,43
2689,47
2691,161
2693,177
2694,47
2695,47
2696,47
2703,47
2705,47
2707,47
2709,47
2710,48
2711,48
2712,48
2713,48
2715,48
2716,48
2717,48
2725,48
2727,48
2730,48
2731,48
2733,48
2735,48
2736,48
2737,48
2738,39
2740,48
2744,48
2746,48
2751,48
2752,48
2753,48
2760,119
2761,48
2763,57
2764,48
2765,48
2766,48
2767,48
2769,48
2770,49
2773,9
2774,29
2776,11
2778,9
2780,134
2782,49
2783,49
2784,11
2785,49
2789,27
2790,49
2792,49
2796,49
2799,11
2801,49
2802,49
2803,30
2804,49
2805,9
2806,49
2807,91
2810,29
2812,49
2813,49
2818,9
2822,49
2824,49
2826,9
2829,49
2830,50
2831,50
2834,50
2835,50
2836,50
2837,50
2839,51
2845,51
2846,50
2847,1
2848,90
2851,50
2852,50
2853,50
2858,50
2862,23
2863,51
2866,50
2867,50
2868,50
2869,50
2873,50
2874,50
2875,50
2878,50
2879,51
2880,50
2883,50
2885,50
2887,50
2892,51
2893,52
2897,51
2898,51
2900,51
2901,50
2902,50
2904,51
2906,50
2908,50
2909,53
2913,50
2915,51
2917,51
2918,50
2919,72
2920,51
2921,51
2923,51
2924,51
2926,51
2929,50
2934,50
2935,51
2936,51
2938,51
2940,50
2941,51
2942,50
2949,51
2951,52
2952,52
2957,52
2959,51
2960,52
2961,52
2963,52
2965,52
2967,52
2968,52
2971,52
2974,52
2975,52
2977,52
2979,52
2981,52
2982,52
2983,52
2984,52
2988,52
2991,52
2992,52
2993,52
2995,23
2997,50
3001,23
3004,52
3005,52
3006,52
3007,52
3011,53
3012,53
3013,53
3015,53
3018,53
3019,53
3021,53
3022,53
3025,53
3029,53
3032,53
3034,53
3037,53
3039,53
3045,53
3050,53
3051,53
3053,53
3055,53
3056,53
3057,53
3058,53
3059,53
3060,53
3061,53
3062,53
3063,53
3064,53
3066,53
3067,53
3071,14
3072,54
3074,54
3075,4
3076,54
3078,54
3080,54
3081,54
3083,54
3084,54
3087,14
3090,74
3091,54
3097,54
3098,54
3099,54
3100,54
3101,54
3105,54
3107,54
3108,54
3110,14
3111,54
3112,54
3116,54
3118,54
3124,54
3127,54
3128,54
3129,54
3130,55
3131,55
3133,55
3135,55
3136,55
3137,47
3138,55
3140,55
3144,55
3146,55
3148,55
3150,55
3151,55
3153,55
3154,55
3155,55
3156,55
3162,55
3166,55
3168,55
3169,55
3170,55
3171,55
3172,48
3176,181
3179,55
3182,55
3184,55
3185,47
3186,96
3190,56
3191,56
3192,35
3193,35
3195,56
3198,56
3201,56
3204,56
3206,56
3211,56
3216,35
3218,56
3219,119
3220,56
3222,56
3223,56
3225,35
3226,56
3227,35
3228,56
3230,56
3231,119
3233,56
3239,56
3242,56
3243,56
3244,56
3246,56
3247,35
3249,56
3251,57
3252,57
3253,57
3254,57
3257,57
3258,57
3259,57
3261,57
3264,57
3267,57
3269,57
3273,57
3276,57
3280,57
3282,57
3284,57
3285,57
3287,57
3290,57
3291,195
3292,57
3294,57
3295,57
3296,57
3298,57
3299,161
3301,57
3302,57
3305,57
3307,57
3312,58
3313,58
3315,58
3317,58
3318,58
3319,89
3321,58
3322,58
3323,23
3326,58
3327,58
3328,86
3329,23
3330,58
3331,58
3342,58
3344,58
3350,90
3351,58
3353,58
3354,58
3356,58
3357,58
3358,58
3359,58
3361,7
3364,58
3367,58
3368,62
3370,66
3372,62
3376,64
3377,59
3378,61
3379,66
3383,64
3384,60
3386,60
3390,66
3391,66
3393,62
3399,61
3400,60
3403,60
3404,65
3406,60
3408,66
3409,66
3410,62
3411,62
3413,143
3414,66
3416,66
3417,60
3418,66
3419,60
3420,142
3421,62
3428,60
3432,62
3433,146
3434,45
3436,60
3442,60
3444,62
3445,84
3446,60
3448,60
3449,60
3450,66
3452,60
3453,60
3454,84
3455,60
3457,66
3461,60
3465,62
3469,60
3470,60
3472,60
3474,62
3475,60
3477,60
3478,66
3480,60
3483,60
3485,60
3487,61
3489,66
3490,61
3491,61
3492,61
3494,61
3495,61
3496,61
3499,61
3500,45
3505,61
3511,61
3513,61
3514,61
3515,61
3519,61
3521,61
3522,61
3525,61
3526,61
3527,61
3528,62
3529,61
3530,61
3531,61
3536,61
3537,61
3538,61
3541,61
3543,60
3547,62
3548,146
3549,62
3550,62
3552,64
3554,60
3556,60
3557,66
3562,64
3566,60
3568,84
3570,60
3573,62
3576,62
3577,60
3579,64
3580,101
3581,64
3582,84
3584,199
3585,60
3592,64
3593,62
3594,64
3596,143
3598,62
3600,64
3601,141
3603,60
3604,61
3607,63
3613,63
3615,63
3619,63
3622,62
3623,63
3624,63
3626,63
3627,63
3631,63
3632,63
3633,63
3636,63
3638,63
3639,63
3641,84
3642,63
3643,63
3644,63
3646,63
3648,63
3649,63
3651,63
3652,63
3654,64
3656,63
3659,63
3662,63
3664,63
3666,63
3667,64
3668,145
3669,64
3673,143
3677,60
3679,62
3680,147
3682,62
3683,61
3684,64
3685,64
3686,60
3688,60
3691,60
3696,62
3698,64
3699,60
3704,60
3705,60
3707,101
3708,64
3711,141
3713,146
3714,64
3716,64
3717,60
3719,60
3722,64
3723,64
3726,64
3727,66
3729,66
3732,61
3733,84
3735,65
3742,66
3744,65
3745,65
3749,71
3750,65
3751,66
3753,65
3755,60
3758,45
3760,45
3763,65
3766,65
3767,60
3768,66
3771,65
3777,66
3778,66
3779,66
3782,66
3788,66
3789,60
3791,61
3793,60
3796,66
3797,66
3798,66
3800,60
3804,66
3806,66
3808,66
3809,84
3813,66
3814,66
3820,66
3821,66
3823,66
3825,66
3826,60
3827,66
3828,66
3829,62
3830,66
3831,62
3834,59
3836,66
3837,67
3838,68
3840,68
3842,68
3844,68
3846,67
3847,67
3851,67
3852,67
3855,67
3856,68
3857,67
3859,67
3863,67
3870,67
3871,67
3875,67
3876,69
3877,67
3878,68
3879,69
3880,67
3881,67
3882,67
3883,43
3884,69
3885,67
3886,69
3895,69
3896,68
3898,68
3899,69
3900,68
3903,68
3907,68
3908,68
3909,67
3911,68
3914,69
3917,68
3918,68
3921,68
3923,68
3924,68
3925,68
3926,68
3927,18
3929,69
3934,68
3935,68
3937,68
3938,70
3939,68
3940,68
3943,68
3944,68
3945,68
3947,68
3951,68
3953,181
3958,69
3960,69
3963,69
3965,69
3968,69
3971,69
3973,69
3974,140
3976,68
3977,69
3978,68
3980,68
3982,69
3983,68
3985,18
3986,199
3987,69
3989,69
3991,69
3992,70
3993,69
3994,69
3999,68
4001,69
4002,68
4004,69
4009,69
4010,69
4013,69
4014,69
4020,70
4021,70
4025,70
4026,70
4033,70
4034,70
4036,70
4037,70
4038,70
4040,70
4042,70
4043,70
4045,70
4046,70
4047,70
4048,70
4050,70
4051,70
4052,70
4053,70
4054,70
4056,70
4058,70
4059,68
4062,70
4063,70
4064,70
4065,70
4070,70
4073,70
4077,64
4080,71
4081,72
4083,46
4084,137
4085,61
4086,45
4087,46
4088,92
4089,72
4094,72
4098,71
4099,71
4101,72
4102,2
4104,45
4106,71
4108,72
4109,71
4110,71
4115,1
4118,45
4119,71
4120,71
4121,71
4123,71
4125,72
4128,3
4132,135
4135,66
4138,66
4139,72
4140,90
4141,72
4144,71
4145,71
4148,65
4150,1
4151,72
4152,65
4153,72
4161,1
4163,72
4168,72
4169,71
4172,72
4175,72
4176,71
4177,8
4179,72
4180,72
4181,65
4182,72
4185,1
4186,1
4187,72
4189,65
4192,44
4195,72
4196,71
4198,73
4200,73
4202,73
4204,73
4205,73
4206,73
4207,73
4210,73
4212,73
4213,73
4215,73
4217,73
4220,73
4222,73
4224,73
4225,73
4226,73
4227,73
4228,73
4231,73
4235,73
4237,73
4245,73
4246,73
4247,73
4249,73
4250,74
4252,73
4253,73
4255,73
4258,74
4261,74
4262,74
4264,74
4265,74
4270,74
4274,74
4277,74
4280,74
4281,74
4284,74
4285,74
4287,74
4288,74
4292,74
4293,74
4294,74
4295,74
4298,74
4300,74
4304,74
4305,74
4307,74
4308,74
4310,74
4311,74
4312,74
4313,74
4314,74
4315,74
4317,75
4318,75
4319,178
4322,75
4323,75
4327,75
4330,75
4333,75
4335,75
4336,75
4337,75
4338,75
4339,75
4340,75
4344,75
4351,75
4353,75
4357,75
4359,75
4364,75
4365,75
4366,75
4367,75
4368,75
4371,75
4372,75
4373,75
4375,76
4376,76
4377,76
4378,148
4379,76
4381,19
4382,91
4384,76
4386,76
4388,76
4389,7
4393,76
4395,76
4396,76
4397,76
4399,76
4400,76
4402,76
4403,76
4404,76
4408,76
4409,76
4411,76
4413,76
4418,76
4419,76
4421,76
4425,76
4430,76
4431,33
4436,155
4438,77
4441,77
4442,170
4444,41
4446,77
4447,77
4451,77
4455,77
4457,77
4460,38
4461,77
4462,77
4463,77
4464,77
4466,77
4467,38
4468,77
4469,77
4470,77
4472,77
4474,77
4479,77
4480,77
4481,172
4486,77
4487,77
4488,77
4492,77
4493,77
4496,78
4497,78
4499,78
4500,78
4501,78
4502,78
4503,78
4504,78
4505,78
4506,78
4507,103
4512,78
4514,78
4515,78
4516,41
4517,137
4522,78
4525,135
4527,78
4532,78
4533,78
4535,78
4536,78
4537,78
4538,78
4543,111
4545,103
4547,78
4552,78
4555,79
4560,79
4566,79
4571,79
4576,79
4577,79
4579,79
4583,79
4584,79
4585,82
4586,142
4587,79
4588,79
4589,79
4591,79
4592,79
4593,79
4594,79
4595,79
4596,79
4597,79
4598,79
4600,79
4601,82
4602,79
4603,79
4605,79
4606,79
4610,79
4611,79
4613,80
4615,80
4618,80
4622,80
4623,80
4624,80
4626,80
4630,80
4633,80
4636,82
4637,80
4638,80
4640,80
4641,80
4642,80
4643,80
4644,80
4648,80
4649,80
4650,80
4651,80
4652,80
4662,80
4663,79
4664,80
4666,80
4667,81
4668,80
4670,79
4671,79
4673,81
4675,81
4676,81
4679,79
4681,81
4682,81
4684,81
4685,81
4687,81
4689,81
4690,81
4693,81
4696,81
4697,81
4698,81
4704,81
4705,81
4707,81
4709,81
4710,81
4711,81
4715,81
4720,81
4721,81
4722,132
4725,81
4728,81
4730,79
4731,81
4732,81
4733,79
4735,79
4736,79
4739,79
4740,82
4741,82
4742,82
4746,79
4750,83
4751,82
4752,79
4753,82
4754,82
4755,79
4758,74
4759,82
4761,82
4763,82
4766,83
4771,82
4773,80
4774,82
4775,82
4778,82
4781,82
4783,82
4785,82
4787,82
4789,82
4791,82
4793,83
4795,83
4796,83
4797,32
4798,83
4800,83
4802,83
4805,83
4808,83
4811,83
4815,83
4816,83
4817,83
4818,83
4819,83
4823,83
4824,83
4825,83
4827,83
4829,83
4830,83
4831,83
4832,83
4833,83
4834,83
4836,83
4837,83
4843,83
4846,136
4847,83
4854,84
4856,84
4862,84
4863,84
4864,84
4865,84
4866,84
4870,45
4872,84
4874,84
4875,45
4879,84
4883,84
4884,84
4885,84
4888,84
4889,45
4890,84
4891,84
4901,84
4902,84
4903,84
4905,84
4908,85
4909,85
4911,85
4913,85
4914,85
4915,85
4917,85
4918,85
4919,85
4921,85
4924,85
4925,85
4926,85
4927,85
4928,85
4931,85
4932,85
4934,85
4936,85
4939,85
4940,85
4942,85
4943,85
4944,85
4949,91
4958,85
4960,85
4962,85
4963,104
4965,85
4966,86
4967,86
4971,86
4973,86
4976,53
4978,86
4979,86
4980,86
4981,86
4982,86
4983,86
4984,86
4986,86
4987,86
4989,53
4990,86
4991,86
4995,86
4996,23
4998,45
4999,86
5002,86
5005,86
5009,86
5010,86
5012,86
5013,72
5015,25
5021,86
5025,86
5026,87
5027,87
5028,87
5029,85
5031,87
5034,87
5036,87
5041,87
5045,46
5046,52
5049,87
5051,87
5055,87
5056,87
5057,46
5059,87
5060,87
5061,87
5062,87
5066,87
5070,87
5071,137
5072,87
5074,87
5077,87
5078,87
5081,121
5082,122
5084,87
5085,87
5090,88
5094,88
5095,88
5097,88
5098,88
5100,88
5101,88
5102,88
5103,88
5104,88
5105,88
5106,88
5107,88
5108,88
5110,121
5113,88
5115,88
5118,88
5119,123
5120,88
5122,88
5124,88
5125,88
5132,88
5133,150
5134,88
5136,88
5137,88
5140,88
5141,88
5146,90
5150,89
5154,89
5156,89
5160,89
5161,89
5165,90
5166,89
5167,89
5169,89
5177,89
5178,89
5179,89
5182,89
5183,89
5186,89
5188,89
5189,90
5190,89
5191,86
5192,89
5193,90
5195,89
5197,89
5198,89
5199,199
5201,89
5202,89
5203,89
5205,89
5207,90
5209,72
5213,90
5214,90
5216,90
5218,90
5219,90
5220,90
5223,90
5224,90
5225,50
5226,52
5227,90
5228,90
5229,90
5232,90
5234,90
5238,90
5240,90
5243,90
5245,52
5247,90
5250,89
5253,90
5254,90
5257,50
5258,90
5259,90
5263,90
5265,90
5266,91
5272,41
5273,91
5274,33
5275,91
5276,91
5277,150
5282,132
5283,135
5284,91
5290,91
5291,155
5293,150
5296,91
5298,103
5299,91
5301,103
5306,91
5307,121
5309,91
5311,91
5312,91
5316,91
5317,91
5318,78
5319,91
5320,91
5321,91
5324,103
5325,103
5326,92
5328,105
5329,105
5330,92
5331,92
5332,92
5334,92
5335,22
5336,105
5337,92
5343,105
5344,92
5346,92
5347,92
5349,92
5352,92
5353,92
5361,92
5363,92
5364,92
5365,92
5369,92
5372,92
5373,92
5376,72
5377,92
5379,92
5380,92
5383,92
5384,92
5386,93
5387,93
5388,93
5389,45
5390,93
5391,93
5395,93
5399,93
5402,93
5403,19
5406,93
5407,61
5409,93
5410,93
5411,93
5412,93
5413,93
5421,93
5422,93
5423,93
5426,93
5427,93
5428,93
5431,93
5434,93
5435,93
5437,93
5438,93
5440,93
5445,93
5446,94
5447,94
5448,94
5449,94
5451,94
5453,94
5455,94
5456,94
5457,94
5464,94
5468,94
5470,94
5471,94
5474,94
5476,171
5478,94
5479,94
5480,94
5483,94
5485,94
5487,94
5488,94
5489,94
5491,94
5494,94
5496,94
5497,94
5499,94
5502,93
5505,94
5506,95
5508,175
5509,95
5510,95
5515,95
5519,95
5520,95
5521,95
5524,95
5525,95
5527,95
5529,95
5530,95
5531,95
5532,95
5533,174
5536,109
5537,95
5538,95
5539,95
5541,95
5542,95
5544,95
5546,175
5547,95
5548,95
5550,95
5551,95
5552,96
5555,38
5567,96
5568,96
5569,96
5570,96
5571,12
5572,96
5574,96
5575,96
5576,20
5578,38
5580,96
5585,95
5588,96
5589,175
5591,96
5597,96
5598,96
5602,96
5605,38
5608,96
5610,96
5613,47
5614,55
5615,96
5616,35
5617,96
5622,96
5623,96
5624,96
5625,95
5626,95
5627,97
5632,82
5633,12
5634,97
5638,97
5639,97
5640,97
5644,182
5645,56
5647,97
5649,95
5650,34
5652,97
5653,109
5654,13
5656,97
5659,95
5660,97
5664,95
5665,97
5667,177
5668,97
5669,97
5672,95
5677,97
5679,97
5682,139
5683,97
5685,98
5686,21
5687,98
5692,98
5693,98
5694,177
5697,155
5700,98
5703,98
5706,98
5707,98
5711,98
5712,98
5714,98
5715,163
5717,98
5719,98
5722,98
5725,172
5728,98
5730,98
5731,98
5734,97
5735,98
5736,98
5738,20
5739,98
5740,98
5741,98
5742,98
5746,183
5748,99
5749,178
5751,99
5752,99
5753,99
5755,99
5757,99
5759,99
5760,110
5763,99
5766,99
5767,99
5768,149
5769,99
5774,99
5775,99
5777,99
5784,184
5785,99
5786,99
5787,184
5788,99
5789,99
5791,99
5795,99
5797,99
5798,99
5799,99
5801,78
5805,100
5806,100
5807,100
5808,100
5809,100
5810,100
5813,100
5814,100
5815,100
5816,100
5817,100
5818,100
5820,100
5823,100
5829,101
5837,100
5838,100
5843,100
5846,100
5847,71
5848,100
5853,100
5854,100
5855,100
5856,100
5858,100
5859,100
5861,100
5862,100
5863,100
5865,101
5867,101
5868,101
5870,101
5871,101
5873,101
5877,101
5884,101
5885,101
5886,101
5889,101
5893,84
5897,101
5898,101
5901,101
5903,101
5905,101
5907,101
5909,101
5911,100
5915,103
5917,103
5918,102
5920,102
5921,102
5923,138
5924,103
5925,40
5926,102
5927,45
5928,103
5929,103
5933,102
5936,40
5938,40
5940,102
5941,135
5942,135
5944,40
5949,103
5952,102
5954,40
5955,103
5959,102
5965,102
5969,103
5971,103
5972,40
5973,137
5974,102
5975,103
5976,103
5978,103
5983,174
5984,103
5985,103
5986,103
5987,103
5989,103
5991,103
5993,103
5996,103
5998,103
5999,103
6001,103
6002,102
6005,103
6009,40
6010,103
6011,103
6012,103
6013,103
6014,102
6015,193
6016,103
6019,102
6029,93
6030,103
6032,103
6033,103
6036,104
6038,120
6045,125
6047,104
6048,104
6049,104
6050,150
6051,104
6054,183
6055,119
6056,104
6057,104
6062,104
6065,104
6067,104
6069,104
6071,104
6072,104
6073,104
6076,104
6077,104
6078,104
6084,104
6086,104
6087,104
6089,104
6090,104
6091,131
6092,104
6093,104
6098,105
6100,22
6101,105
6104,105
6105,22
6106,22
6107,22
6112,105
6113,105
6114,22
6115,105
6116,105
6119,105
6123,105
6125,105
6129,105
6136,105
6138,92
6141,105
6145,106
6147,106
6148,106
6150,106
6152,106
6153,106
6155,106
6157,89
6158,106
6159,106
6160,106
6161,106
6162,106
6163,71
6164,106
6165,137
6170,106
6173,106
6174,106
6176,25
6187,106
6192,106
6193,106
6195,106
6197,106
6198,106
6199,8
6200,106
6201,106
6202,106
6204,29
6205,107
6206,107
6207,25
6209,107
6210,107
6211,107
6212,27
6215,29
6217,27
6221,107
6222,107
6225,29
6226,30
6227,29
6229,29
6231,108
6232,29
6234,30
6236,9
6241,107
6244,29
6245,30
6252,29
6253,29
6254,30
6255,29
6259,107
6260,30
6262,30
6263,108
6266,108
6268,108
6269,108
6270,108
6272,108
6274,108
6276,108
6278,44
6279,108
6281,108
6282,108
6284,108
6286,108
6289,108
6293,108
6297,108
6298,41
6299,108
6300,107
6304,29
6307,108
6308,108
6310,107
6313,29
6314,108
6315,108
6317,108
6321,108
6322,13
6323,109
6324,155
6327,109
6329,98
6331,109
6332,109
6333,109
6334,109
6340,148
6341,109
6342,179
6343,172
6344,109
6346,109
6354,109
6355,109
6356,109
6359,109
6364,109
6367,109
6368,109
6369,109
6371,109
6374,109
6375,109
6376,109
6378,109
6379,109
6380,109
6382,109
6384,110
6385,110
6389,110
6396,189
6397,110
6398,110
6400,110
6401,110
6405,110
6406,110
6408,110
6409,110
6410,110
6412,110
6413,110
6415,110
6419,110
6420,110
6422,110
6424,110
6425,110
6426,110
6428,110
6430,110
6431,28
6432,110
6434,110
6437,110
6438,110
6442,110
6445,111
6449,111
6450,112
6451,111
6453,111
6454,111
6456,111
6459,111
6463,111
6466,114
6467,111
6468,111
6469,111
6472,111
6473,111
6474,111
6476,111
6482,111
6484,112
6485,111
6486,111
6487,112
6492,111
6493,111
6494,111
6495,111
6497,111
6498,112
6499,111
6501,111
6504,111
6505,112
6509,112
6511,111
6512,111
6516,112
6517,112
6519,112
6521,112
6522,40
6524,112
6525,112
6526,111
6527,111
6528,111
6530,112
6537,111
6541,111
6542,111
6545,111
6548,112
6549,112
6550,112
6551,112
6553,111
6554,112
6556,111
6557,112
6559,111
6561,112
6569,113
6571,113
6575,113
6576,113
6577,113
6578,113
6579,113
6581,113
6582,113
6583,113
6584,113
6589,113
6593,113
6594,113
6595,113
6596,113
6601,113
6602,121
6608,113
6609,131
6613,114
6615,114
6616,114
6618,114
6619,114
6620,114
6621,145
6624,114
6625,114
6626,114
6628,114
6630,114
6637,114
6640,114
6642,114
6643,114
6645,114
6646,85
6648,73
6650,114
6652,114
6653,114
6656,114
6657,114
6658,114
6660,114
6665,114
6670,114
6671,114
6672,114
6673,115
6677,102
6679,119
6684,115
6688,115
6689,115
6691,121
6692,115
6693,115
6695,115
6696,115
6701,115
6703,115
6704,129
6707,115
6708,115
6709,154
6711,117
6712,102
6713,113
6716,115
6717,115
6718,115
6719,115
6720,115
6722,115
6723,102
6724,115
6731,123
6733,116
6735,115
6737,116
6738,113
6740,132
6742,115
6744,116
6745,132
6746,117
6747,94
6748,117
6750,119
6755,116
6759,116
6760,15
6761,116
6762,116
6765,116
6766,116
6767,117
6769,116
6778,117
6780,119
6783,116
6784,22
6785,94
6788,116
6789,115
6790,116
6791,116
6793,117
6796,126
6797,117
6799,115
6800,117
6801,113
6802,117
6806,117
6807,121
6808,117
6812,115
6813,125
6814,117
6816,117
6824,117
6826,119
6827,115
6830,117
6831,115
6833,116
6836,131
6837,116
6839,117
6841,113
6842,117
6843,121
6844,117
6846,117
6850,117
6851,76
6852,148
6853,104
6855,130
6856,130
6859,115
6860,118
6862,103
6866,119
6867,133
6868,118
6870,114
6872,137
6875,118
6881,118
6883,118
6884,119
6888,178
6893,130
6894,102
6895,119
6897,119
6898,76
6901,118
6902,118
6903,118
6904,118
6906,118
6908,119
6910,197
6911,125
6912,131
6913,119
6917,76
6920,119
6921,119
6923,126
6924,119
6928,117
6931,119
6932,117
6936,119
6939,119
6940,119
6941,119
6942,130
6947,35
6948,115
6949,119
6951,119
6953,119
6954,117
6957,119
6960,119
6963,130
6964,119
6965,119
6966,119
6967,121
6970,120
6972,129
6973,120
6975,120
6976,120
6977,11
6978,120
6981,120
6982,120
6991,120
6992,120
6996,120
6997,120
6999,128
7000,120
7005,126
7007,11
7009,127
7010,102
7011,120
7012,120
7013,120
7015,120
7017,120
7018,120
7019,120
7020,150
7025,120
7026,120
7027,99
7030,121
7032,121
7033,121
7034,121
7036,121
7037,121
7040,115
7041,150
7043,122
7047,121
7048,121
7051,104
7054,121
7056,121
7058,119
7060,121
7061,121
7062,121
7064,119
7065,119
7067,121
7068,125
7069,121
7072,11
7073,121
7078,121
7081,121
7083,121
7085,121
7087,121
7091,104
7092,122
7094,122
7095,122
7096,122
7100,122
7102,122
7104,122
7105,122
7110,122
7112,122
7114,122
7115,122
7118,122
7119,122
7121,122
7122,119
7125,104
7126,129
7128,122
7130,122
7131,122
7133,122
7134,122
7135,122
7137,122
7138,122
7140,121
7148,115
7149,122
7150,123
7153,123
7155,123
7159,123
7160,123
7162,121
7165,123
7167,123
7169,123
7170,123
7172,123
7173,123
7174,174
7175,123
7176,113
7177,123
7181,123
7182,123
7183,123
7184,125
7189,123
7190,123
7192,127
7193,113
7196,123
7198,113
7199,123
7204,123
7206,121
7209,124
7210,123
7212,124
7213,123
7219,123
7222,124
7223,126
7224,123
7225,119
7226,124
7228,126
7233,124
7236,126
7237,124
7239,124
7240,123
7241,126
7242,126
7244,124
7246,124
7247,126
7249,126
7251,124
7252,124
7253,125
7255,126
7257,125
7261,123
7263,123
7266,123
7269,125
7271,125
7273,125
7277,125
7279,125
7280,125
7281,125
7282,113
7283,125
7284,125
7289,125
7291,125
7292,125
7293,127
7297,125
7299,129
7302,129
7303,35
7306,125
7309,125
7310,125
7311,125
7313,125
7314,125
7315,125
7317,125
7319,125
7321,123
7326,150
7329,123
7330,126
7331,126
7335,43
7338,126
7340,126
7341,126
7342,126
7344,126
7346,174
7347,150
7349,126
7350,126
7351,131
7352,126
7354,131
7355,126
7356,125
7357,126
7358,126
7361,126
7365,126
7369,123
7372,125
7374,126
7379,126
7383,119
7384,125
7385,125
7386,126
7387,125
7388,127
7389,127
7391,129
7394,127
7395,124
7396,129
7398,127
7400,127
7403,123
7404,113
7405,127
7408,127
7409,127
7413,127
7415,127
7418,113
7421,131
7422,127
7424,127
7425,127
7428,131
7431,127
7434,127
7436,150
7440,127
7441,127
7442,127
7443,115
7446,113
7447,128
7449,115
7450,128
7451,128
7452,128
7454,126
7457,35
7458,126
7463,148
7466,128
7470,198
7473,128
7475,126
7476,121
7477,128
7478,126
7479,128
7481,128
7483,128
7486,150
7487,125
7488,113
7492,110
7494,118
7497,128
7498,128
7500,128
7502,128
7505,128
7506,128
7507,120
7509,120
7510,129
7511,129
7512,127
7516,129
7518,184
7520,127
7521,129
7523,115
7526,127
7529,129
7531,129
7532,127
7533,120
7537,131
7538,131
7539,129
7540,129
7546,126
7548,126
7550,125
7552,129
7553,127
7557,129
7558,123
7559,127
7560,131
7562,129
7565,120
7573,104
7574,130
7576,119
7577,73
7580,115
7581,118
7582,119
7583,116
7586,130
7587,130
7588,130
7589,114
7591,132
7593,116
7596,130
7597,130
7601,129
7602,118
7603,122
7606,115
7607,130
7609,116
7611,118
7613,105
7614,116
7615,119
7620,118
7622,130
7623,118
7625,130
7629,131
7630,131
7631,131
7636,131
7637,121
7638,131
7640,131
7642,131
7644,131
7646,131
7647,127
7650,14
7651,113
7655,127
7659,131
7660,131
7661,127
7663,131
7667,104
7668,104
7669,121
7671,127
7672,127
7674,127
7675,131
7679,113
7680,131
7681,127
7683,131
7684,121
7689,132
7692,132
7693,132
7697,114
7701,132
7705,40
7709,132
7710,132
7712,132
7714,133
7715,132
7719,132
7720,132
7721,132
7722,132
7723,132
7724,132
7725,132
7727,132
7730,132
7733,132
7734,132
7735,132
7736,114
7737,118
7738,132
7739,132
7743,181
7745,132
7746,132
7747,133
7748,133
7749,122
7753,133
7754,132
7756,150
7757,133
7762,133
7768,133
7769,133
7771,129
7772,133
7775,133
7776,120
7777,133
7778,133
7781,128
7782,133
7783,130
7785,116
7786,133
7787,133
7793,132
7794,133
7796,104
7799,133
7801,133
7802,133
7805,133
7806,37
7807,134
7808,134
7809,134
7812,9
7813,134
7815,134
7819,134
7820,134
7822,134
7825,134
7829,134
7830,134
7836,134
7839,134
7841,134
7842,134
7849,134
7851,134
7852,134
7853,134
7856,134
7857,134
7858,134
7859,134
7860,134
7862,134
7863,134
7864,134
7865,134
7866,134
7874,135
7877,103
7879,151
7882,103
7884,40
7887,78
7888,103
7889,135
7891,135
7893,11
7894,135
7895,135
7897,135
7901,135
7903,135
7904,78
7906,103
7907,103
7908,31
7909,137
7913,103
7915,135
7917,135
7918,112
7919,142
7920,135
7922,135
7923,148
7924,135
7925,11
7926,136
7927,136
7928,136
7931,136
7932,136
7933,138
7942,136
7943,136
7944,136
7947,136
7949,136
7950,137
7951,136
7952,13
7953,137
7955,83
7956,142
7963,136
7965,136
7967,136
7970,136
7971,137
7973,136
7974,137
7975,136
7978,136
7980,136
7981,136
7984,138
7985,135
7986,136
7987,135
7989,137
7990,137
7991,115
7994,137
7996,136
7998,148
7999,136
8003,137
8005,137
8009,135
8011,54
8013,137
8015,137
8017,137
8021,136
8022,136
8025,137
8027,137
8028,137
8029,137
8030,136
8032,137
8033,137
8036,137
8037,111
8039,136
8040,71
8045,34
8049,138
8050,135
8051,138
8054,49
8056,138
8058,138
8059,137
8061,111
8063,138
8068,134
8069,138
8071,138
8072,138
8073,135
8077,138
8079,138
8080,135
8081,138
8082,111
8084,135
8086,138
8087,138
8088,138
8091,138
8093,138
8095,138
8097,138
8098,138
8100,138
8105,40
8106,139
8108,139
8109,140
8111,139
8118,139
8119,140
8122,139
8124,140
8126,140
8128,139
8130,139
8134,140
8135,140
8136,139
8137,139
8139,139
8140,139
8143,139
8148,139
8149,139
8150,139
8152,139
8154,139
8155,139
8156,139
8157,139
8159,139
8162,139
8164,139
8165,139
8166,140
8168,140
8171,140
8173,140
8174,140
8175,140
8176,140
8182,140
8184,140
8185,140
8186,140
8188,140
8189,140
8190,140
8195,140
8196,139
8197,140
8199,140
8200,140
8204,140
8207,140
8210,140
8213,140
8215,140
8216,140
8220,140
8222,17
8223,139
8224,140
8225,140
8227,141
8228,147
8232,145
8234,141
8235,141
8238,141
8242,141
8243,147
8244,141
8246,141
8248,141
8249,144
8252,146
8253,141
8254,147
8257,47
8260,141
8261,147
8262,141
8266,141
8268,141
8270,141
8272,141
8273,141
8275,147
8277,147
8278,143
8282,141
8283,146
8284,145
8285,62
8293,143
8296,71
8298,142
8300,142
8304,141
8307,71
8308,142
8310,71
8311,142
8313,61
8314,71
8315,91
8316,135
8317,2
8318,142
8319,142
8320,142
8325,146
8326,142
8327,71
8328,147
8330,142
8331,10
8332,143
8333,71
8334,78
8338,143
8342,142
8345,62
8346,146
8347,143
8348,141
8349,143
8351,146
8352,144
8353,143
8356,143
8357,145
8359,147
8360,141
8362,141
8364,143
8365,143
8367,147
8372,143
8375,141
8380,71
8382,145
8383,146
8386,144
8387,145
8388,141
8389,145
8393,143
8395,144
8396,143
8397,143
8399,143
8404,141
8412,141
8414,147
8417,146
8418,41
8420,141
8421,146
8423,147
8424,146
8425,144
8426,147
8428,146
8432,146
8433,146
8434,141
8438,143
8439,141
8440,146
8442,142
8443,141
8444,146
8446,146
8447,141
8448,141
8451,147
8454,141
8455,141
8457,146
8461,144
8463,146
8464,145
8465,146
8467,143
8468,145
8469,60
8474,146
8475,146
8476,146
8477,143
8478,145
8481,143
8485,143
8487,64
8488,147
8489,146
8490,147
8492,143
8493,147
8495,143
8497,143
8501,141
8503,145
8504,144
8505,146
8506,143
8507,147
8508,143
8509,144
8511,145
8519,146
8524,147
8525,144
8528,62
8529,146
8530,143
8531,146
8535,147
8537,144
8538,143
8539,146
8541,146
8542,147
8546,147
8547,147
8552,146
8554,147
8555,142
8558,147
8560,147
8561,143
8563,147
8565,146
8571,141
8573,146
8575,147
8577,147
8578,147
8580,147
8581,146
8582,147
8586,147
8590,147
8591,146
8593,147
8594,147
8595,147
8596,147
8600,147
8601,147
8604,147
8608,147
8610,147
8611,147
8613,147
8617,64
8618,147
8619,147
8620,147
8622,147
8623,147
8624,147
8627,147
8628,145
8629,147
8630,147
8631,147
8633,147
8634,146
8639,147
8640,146
8644,148
8645,154
8649,148
8651,148
8652,148
8654,32
8655,148
8658,148
8659,148
8660,148
8664,148
8665,148
8667,148
8669,85
8672,148
8675,148
8678,148
8680,148
8682,148
8684,148
8686,148
8690,148
8691,148
8692,148
8693,165
8694,148
8695,148
8696,148
8697,148
8699,148
8705,149
8706,149
8709,31
8712,149
8713,149
8715,34
8719,149
8720,149
8722,149
8723,149
8726,149
8727,113
8729,149
8735,149
8737,149
8739,149
8740,149
8741,149
8742,149
8743,149
8747,120
8748,104
8749,149
8752,149
8753,149
8757,99
8758,149
8760,120
8762,149
8763,150
8768,150
8771,150
8775,150
8776,104
8777,104
8778,91
8779,150
8780,129
8783,104
8784,150
8785,150
8788,150
8789,115
8791,150
8793,11
8795,129
8796,150
8797,150
8802,104
8803,150
8807,104
8808,113
8809,150
8811,150
8812,150
8817,150
8818,150
8821,150
8822,104
8825,151
8826,151
8827,151
8834,151
8840,151
8841,151
8844,151
8846,151
8849,111
8850,151
8854,151
8856,151
8857,151
8858,151
8859,156
8862,151
8864,151
8865,151
8867,151
8872,151
8873,151
8874,155
8876,37
8879,152
8880,172
8882,152
8883,152
8887,152
8888,151
8890,152
8891,152
8892,152
8895,148
8897,152
8898,179
8899,152
8900,151
8904,165
8905,151
8906,157
8909,153
8910,172
8919,156
8920,152
8921,165
8922,152
8923,155
8926,152
8930,152
8931,152
8932,157
8934,153
8936,153
8937,153
8939,153
8940,153
8942,153
8945,153
8946,155
8950,153
8952,153
8956,153
8959,155
8960,153
8965,153
8967,153
8968,153
8969,153
8971,153
8973,153
8976,153
8978,153
8979,179
8980,153
8981,153
8984,155
8986,153
8988,153
8990,153
8992,153
8993,154
8994,178
8995,103
8996,154
8998,154
8999,155
9001,154
9003,154
9004,178
9007,154
9008,154
9009,154
9010,31
9011,178
9013,154
9015,114
9016,154
9025,154
9026,154
9033,154
9034,154
9038,153
9044,154
9045,154
9046,154
9047,154
9048,154
9049,154
9050,154
9052,178
9053,155
9054,155
9056,155
9057,154
9061,181
9064,155
9066,155
9069,155
9071,155
9072,155
9073,155
9075,172
9077,154
9079,31
9081,155
9082,155
9084,160
9085,154
9088,154
9095,155
9096,43
9097,154
9098,155
9099,155
9102,154
9103,154
9108,155
9109,155
9110,155
9111,155
9113,169
9114,156
9121,156
9124,156
9127,156
9128,174
9130,156
9131,156
9132,156
9133,156
9135,156
9136,156
9137,154
9139,156
9140,151
9141,179
9147,156
9148,156
9149,43
9151,156
9152,156
9153,156
9155,37
9159,156
9165,156
9168,156
9169,162
9170,156
9171,154
9172,181
9173,155
9174,157
9175,157
9176,157
9177,157
9179,182
9180,156
9181,157
9182,43
9183,161
9186,157
9187,175
9188,157
9194,157
9195,176
9196,157
9198,157
9201,37
9205,175
9208,157
9213,157
9215,179
9216,153
9217,157
9219,157
9222,157
9229,179
9230,38
9231,174
9233,43
9238,158
9239,104
9240,158
9243,158
9245,165
9246,158
9248,158
9249,158
9250,158
9252,158
9254,158
9257,158
9258,178
9259,158
9260,158
9262,158
9264,109
9266,158
9267,15
9268,158
9270,158
9272,158
9276,158
9278,158
9279,158
9280,158
9282,158
9285,158
9289,158
9294,159
9296,159
9297,159
9298,159
9301,159
9303,159
9306,99
9309,159
9310,159
9312,159
9316,159
9319,159
9320,159
9321,159
9323,159
9325,159
9327,159
9329,159
9330,159
9333,159
9334,159
9338,159
9339,159
9341,159
9343,159
9344,159
9346,159
9347,159
9348,159
9349,159
9352,160
9353,160
9355,160
9356,160
9362,160
9363,160
9366,160
9368,160
9370,160
9375,160
9377,160
9378,160
9379,160
9380,160
9383,160
9384,160
9385,160
9389,160
9390,160
9392,160
9395,160
9396,160
9397,160
9398,94
9399,160
9401,160
9403,160
9407,160
9410,160
9412,161
9413,161
9416,161
9418,156
9419,161
9420,161
9422,161
9426,161
9428,161
9431,161
9433,177
9435,161
9436,161
9439,161
9440,161
9443,161
9448,161
9449,161
9451,161
9452,161
9453,161
9455,161
9456,161
9457,161
9459,161
9462,161
9463,175
9466,161
9467,177
9470,161
9471,174
9472,162
9473,162
9475,162
9476,162
9479,162
9482,162
9486,20
9487,154
9489,172
9490,162
9492,162
9493,162
9494,172
9495,162
9498,162
9500,162
9504,162
9505,162
9507,162
9509,162
9510,162
9514,162
9518,162
9520,20
9523,162
9524,162
9527,162
9528,162
9529,162
9533,163
9534,163
9535,163
9537,182
9539,163
9541,163
9542,163
9547,163
9548,164
9549,163
9550,163
9552,163
9554,99
9555,163
9556,163
9558,163
9560,163
9561,163
9564,163
9566,163
9567,163
9569,163
9571,163
9573,163
9577,163
9580,169
9584,163
9586,163
9587,169
9588,163
9591,164
9593,164
9595,164
9597,164
9598,138
9599,164
9600,164
9602,164
9604,164
9606,164
9610,164
9611,103
9613,178
9614,164
9615,164
9618,164
9619,164
9623,164
9628,164
9631,164
9633,164
9634,164
9636,164
9637,164
9640,164
9641,164
9643,164
9645,164
9648,164
9649,164
9652,165
9654,165
9655,165
9658,37
9659,165
9661,171
9662,165
9663,165
9667,165
9668,165
9669,165
9673,165
9676,165
9678,165
9683,114
9684,165
9686,176
9687,165
9688,165
9689,165
9690,165
9692,165
9696,165
9697,165
9698,165
9699,165
9702,165
9705,158
9706,165
9708,157
9711,185
9714,114
9716,166
9717,166
9718,166
9720,109
9722,166
9727,166
9728,166
9730,166
9732,166
9733,166
9737,166
9738,166
9739,166
9742,166
9743,166
9744,166
9752,166
9754,166
9755,166
9756,166
9758,166
9759,166
9761,166
9763,166
9766,166
9767,161
9768,169
9771,167
9772,167
9773,177
9775,167
9776,167
9777,180
9778,177
9782,167
9785,167
9787,167
9789,179
9790,167
9791,167
9795,167
9796,167
9798,180
9800,167
9802,167
9803,180
9805,175
9807,167
9809,179
9813,167
9816,167
9817,167
9818,177
9819,167
9820,172
9821,167
9823,167
9830,168
9832,168
9835,168
9836,77
9837,161
9838,168
9842,20
9843,168
9845,168
9847,168
9848,168
9849,168
9851,168
9854,168
9856,168
9860,168
9863,162
9865,168
9866,200
9868,168
9870,172
9872,168
9873,168
9876,168
9877,168
9879,168
9883,168
9885,168
9887,168
9889,169
9891,169
9892,152
9894,169
9897,172
9900,169
9903,176
9904,169
9905,169
9907,169
9908,169
9911,169
9913,169
9914,169
9915,169
9917,169
9918,169
9919,172
9920,169
9921,169
9922,169
9925,169
9927,169
9931,169
9932,169
9934,169
9942,163
9943,172
9945,169
9949,172
9952,170
9957,170
9958,172
9959,170
9961,170
9971,172
9972,170
9976,170
9978,170
9980,172
9981,170
9982,170
9983,172
9984,170
9985,154
9986,172
9987,170
9989,173
9990,170
9991,172
9992,181
9993,172
9996,200
9997,170
9998,200
9999,170
10000,170
10006,170
10007,170
10010,171
10011,175
10017,171
10021,171
10022,169
10024,171
10028,171
10029,171
10030,122
10031,171
10032,184
10033,171
10035,171
10037,171
10039,104
10041,171
10042,175
10044,171
10047,129
10048,171
10052,171
10054,171
10055,174
10056,168
10057,169
10058,164
10059,171
10062,171
10064,171
10065,171
10068,161
10069,172
10070,157
10077,172
10079,172
10080,172
10081,172
10082,172
10084,173
10088,172
10089,172
10090,172
10091,172
10092,172
10093,172
10094,172
10095,172
10096,172
10098,172
10100,172
10105,172
10109,172
10110,172
10112,173
10115,173
10116,172
10118,172
10121,172
10122,172
10127,172
10130,103
10131,173
10133,161
10135,103
10136,173
10137,173
10138,173
10139,173
10141,173
10142,173
10145,172
10147,173
10150,179
10151,173
10154,182
10161,172
10163,173
10164,173
10167,179
10172,172
10173,172
10174,172
10175,161
10176,172
10177,179
10178,155
10181,172
10182,173
10185,173
10187,173
10188,174
10192,174
10193,174
10195,174
10196,163
10198,104
10201,174
10205,104
10206,174
10210,174
10211,163
10216,184
10217,174
10218,174
10219,174
10221,174
10222,174
10224,103
10226,40
10228,163
10229,174
10231,174
10232,174
10233,174
10234,174
10235,174
10238,174
10239,174
10241,174
10242,174
10251,175
10253,182
10254,174
10256,175
10257,175
10258,172
10259,103
10261,172
10268,175
10272,172
10274,172
10276,175
10279,175
10282,174
10285,172
10286,174
10288,182
10289,175
10290,175
10292,161
10293,175
10294,175
10295,175
10296,175
10297,175
10298,175
10299,175
10301,163
10302,175
10307,175
10308,176
10310,182
10312,176
10313,176
10316,176
10317,176
10318,176
10320,176
10323,176
10325,176
10327,176
10329,176
10332,176
10334,163
10337,176
10338,176
10339,176
10341,176
10342,176
10343,163
10351,176
10352,176
10355,176
10356,163
10358,176
10359,176
10361,176
10364,176
10366,176
10367,176
10369,177
10371,177
10374,177
10377,177
10380,177
10381,177
10383,177
10384,177
10385,177
10386,180
10387,182
10389,177
10390,177
10391,177
10392,177
10393,182
10396,177
10399,177
10400,177
10401,182
10408,177
10412,177
10415,177
10417,177
10419,177
10421,177
10422,177
10423,161
10425,177
10427,177
10431,178
10432,178
10434,178
10438,178
10439,178
10442,178
10443,178
10445,178
10447,195
10449,178
10450,178
10453,178
10454,178
10456,181
10463,181
10464,195
10465,178
10468,178
10471,178
10472,178
10473,178
10475,178
10477,178
10478,178
10480,178
10482,178
10485,172
10488,179
10489,173
10490,179
10493,179
10494,179
10496,170
10499,179
10500,172
10501,179
10504,153
10505,153
10506,179
10514,173
10515,179
10517,179
10519,133
10520,179
10521,172
10522,165
10525,173
10528,179
10529,172
10532,155
10534,179
10535,179
10536,172
10537,165
10538,173
10543,177
10546,180
10547,182
10548,47
10549,180
10551,177
10554,180
10557,182
10563,182
10565,182
10567,180
10568,180
10569,180
10570,180
10572,177
10576,182
10577,172
10578,177
10581,180
10584,180
10585,180
10587,182
10588,177
10591,182
10592,180
10594,180
10596,177
10597,180
10600,180
10601,182
10604,181
10608,184
10610,178
10611,181
10615,173
10616,181
10618,181
10619,181
10621,181
10623,181
10625,43
10627,178
10629,181
10631,181
10635,181
10637,184
10639,181
10641,179
10642,181
10644,181
10646,181
10647,181
10649,181
10650,181
10652,181
10653,181
10654,181
10655,181
10661,181
10662,182
10664,175
10666,182
10667,182
10668,182
10669,182
10671,182
10672,177
10673,182
10675,182
10678,182
10679,182
10680,182
10684,182
10685,182
10688,182
10689,182
10695,182
10697,182
10699,182
10703,182
10705,182
10706,182
10707,182
10712,182
10713,177
10714,182
10719,182
10720,182
10721,182
10722,183
10725,149
10726,183
10729,183
10730,183
10732,183
10733,184
10736,183
10737,183
10740,183
10742,183
10744,183
10745,183
10746,183
10748,184
10749,184
10751,184
10752,183
10754,183
10755,183
10759,184
10762,184
10768,183
10769,183
10770,184
10773,184
10775,183
10778,183
10779,184
10780,183
10782,184
10784,184
10786,184
10787,184
10793,183
10797,184
10798,183
10804,184
10806,184
10807,184
10809,184
10810,184
10811,184
10812,184
10815,184
10816,184
10819,183
10824,184
10825,184
10826,184
10827,184
10828,184
10829,184
10831,183
10833,184
10835,127
10837,120
10838,184
10839,184
10840,184
10844,185
10845,185
10846,185
10847,185
10848,185
10856,185
10857,185
10858,185
10860,111
10861,186
10862,185
10864,185
10865,185
10866,185
10868,185
10869,185
10872,185
10875,185
10876,185
10879,185
10881,185
10882,185
10883,185
10886,185
10887,185
10889,185
10891,185
10892,185
10898,185
10900,185
10902,186
10903,186
10906,186
10908,186
10910,186
10911,186
10912,186
10915,186
10916,185
10917,186
10919,186
10921,185
10922,186
10923,186
10925,186
10927,186
10928,154
10929,186
10930,186
10935,186
10936,186
10937,186
10938,186
10942,186
10945,185
10947,186
10949,186
10951,186
10952,185
10955,186
10962,187
10963,187
10970,187
10971,187
10973,187
10974,187
10976,187
10981,187
10984,187
10985,187
10986,187
10987,187
10990,187
10993,187
10998,187
11002,187
11004,187
11005,190
11010,187
11011,187
11012,188
11016,188
11017,188
11026,188
11027,188
11028,188
11029,188
11031,188
11032,188
11033,188
11035,188
11039,188
11040,188
11041,188
11042,188
11043,188
11046,188
11048,188
11049,188
11051,188
11052,188
11053,188
11055,188
11058,188
11062,188
11063,188
11064,187
11066,188
11068,188
11070,188
11077,189
11078,189
11079,189
11080,189
11081,189
11085,189
11091,189
11094,189
11097,189
11098,189
11100,189
11102,189
11103,189
11104,189
11105,189
11110,189
11111,189
11114,189
11115,189
11117,189
11118,189
11119,189
11122,189
11123,189
11124,189
11125,189
11126,189
11128,189
11130,189
11131,189
11133,190
11136,190
11137,190
11138,190
11140,190
11141,190
11142,190
11144,187
11145,190
11150,190
11152,190
11160,190
11161,190
11163,190
11164,190
11165,190
11167,28
11168,190
11169,190
11170,190
11171,190
11172,190
11175,190
11176,190
11180,190
11182,190
11184,190
11186,190
11187,190
11190,139
11191,191
11192,191
11194,191
11197,191
11200,191
11201,191
11202,191
11203,191
11204,191
11205,191
11207,191
11208,189
11209,191
11212,191
11213,191
11217,191
11222,191
11223,191
11225,191
11227,189
11230,56
11231,191
11234,191
11239,191
11241,191
11245,191
11246,189
11247,191
11249,191
11250,192
11253,192
11255,192
11257,187
11258,192
11259,192
11260,192
11262,192
11263,192
11266,192
11267,192
11270,192
11273,187
11274,192
11275,192
11278,192
11281,192
11282,192
11284,192
11285,192
11287,192
11288,192
11290,73
11296,192
11297,192
11298,192
11301,192
11305,192
11307,192
11308,192
11310,193
11311,197
11312,193
11314,193
11315,193
11318,193
11320,193
11321,116
11325,193
11327,193
11329,193
11331,119
11334,198
11335,193
11336,193
11337,193
11338,193
11340,149
11343,193
11344,31
11346,193
11348,197
11349,193
11352,193
11353,195
11357,193
11361,193
11362,196
11365,193
11368,193
11370,194
11371,194
11372,194
11373,110
11374,194
11377,36
11378,194
11379,194
11380,194
11381,194
11384,194
11388,194
11389,194
11393,194
11395,194
11398,194
11399,110
11400,194
11402,194
11404,194
11409,194
11410,194
11413,194
11415,194
11417,194
11418,194
11419,194
11420,92
11422,194
11427,194
11430,195
11432,197
11434,195
11437,195
11438,193
11442,193
11444,195
11445,195
11449,195
11450,137
11453,199
11454,195
11457,195
11458,195
11459,195
11461,195
11462,195
11463,195
11467,195
11469,195
11470,195
11472,195
11476,195
11477,195
11478,197
11481,196
11482,195
11483,195
11486,195
11488,195
11494,197
11495,193
11496,199
11497,199
11499,196
11501,196
11502,119
11503,196
11504,196
11505,196
11513,196
11514,69
11515,199
11519,196
11520,199
11521,196
11523,193
11525,196
11526,199
11527,195
11528,196
11531,196
11534,196
11537,178
11538,196
11539,196
11541,196
11543,196
11544,199
11547,199
11549,198
11550,193
11551,197
11559,197
11562,195
11563,197
11564,197
11566,196
11567,197
11568,197
11570,197
11571,199
11574,197
11575,199
11576,197
11577,197
11578,197
11581,195
11583,115
11586,197
11587,195
11588,197
11592,197
11593,39
11595,197
11597,197
11600,197
11602,193
11603,43
11608,97
11609,115
11611,198
11615,93
11618,198
11620,198
11625,198
11628,198
11629,198
11630,198
11631,198
11632,198
11637,198
11638,198
11639,198
11641,198
11644,198
11645,198
11646,198
11648,198
11649,198
11650,147
11651,76
11653,198
11654,148
11656,179
11658,198
11659,9
11661,198
11662,198
11665,198
11670,199
11672,199
11673,199
11674,199
11675,199
11676,199
11678,199
11679,199
11680,199
11683,199
11684,199
11687,199
11689,199
11692,199
11693,199
11695,195
11699,199
11700,199
11701,199
11704,199
11707,196
11709,199
11711,199
11712,199
11713,199
11714,199
11720,199
11723,199
11725,199
11727,199
11729,200
11730,200
11733,168
11735,200
11737,200
11740,200
11741,200
11742,200
11744,200
11745,200
11747,200
11749,200
11751,200
11756,200
11757,200
11761,20
11764,179
11766,200
11768,200
11769,32
11771,200
11773,200
11775,200
11777,200
11779,200
11780,200
11783,200
11785,200
11786,200
11788,200
